1 0.0625 0.60703125 0.0796875 0.584375
1 0.1296875 0.60859375 0.0765625 0.6015625
1 0.1984375 0.61484375 0.071875 0.6109375
1 0.25625 0.615625 0.071875 0.615625
1 0.3265625 0.61328125 0.0828125 0.6296875
1 0.4 0.61171875 0.0625 0.64375
1 0.46875 0.6125 0.0734375 0.6515625
1 0.54453125 0.61875 0.0765625 0.6734375
1 0.61640625 0.61015625 0.0765625 0.671875
1 0.69375 0.621875 0.0828125 0.6875
1 0.2953125 0.225 0.059375 0.315625
1 0.3578125 0.2265625 0.0703125 0.3484375
1 0.42734375 0.2125 0.0796875 0.325
1 0.4890625 0.2 0.075 0.34375
1 0.55859375 0.20078125 0.06875 0.328125
1 0.63203125 0.2140625 0.075 0.3265625
1 0.69765625 0.1984375 0.059375 0.3359375
1 0.76328125 0.35078125 0.0671875 0.653125
1 0.8359375 0.35625 0.0796875 0.675
1 0.9203125 0.36328125 0.0921875 0.696875