2 0.111328125 0.96875 0.1109375 0.9909722222222223 0.115234375 0.9958333333333333 0.13046875 0.9819444444444444 0.14609375 0.9597222222222223 0.15546875 0.9520833333333333 0.169140625 0.9319444444444445 0.1734375 0.9222222222222223 0.18671875 0.9020833333333333 0.18984375 0.8930555555555556 0.23671875 0.8020833333333334 0.2455078125 0.7864583333333334 0.25546875 0.7743055555555556 0.286328125 0.71875 0.299609375 0.6888888888888889 0.299609375 0.6659722222222222 0.293359375 0.6576388888888889 0.282421875 0.6576388888888889 0.16875 0.8576388888888888 0.165625 0.8590277777777777 0.140625 0.8916666666666667 0.13046875 0.9090277777777778 0.11953125 0.9354166666666667
2 0.19609375 0.9951388888888889 0.195703125 0.9993055555555556 0.21015625 0.9993055555555556 0.226171875 0.9652777777777778 0.234375 0.9583333333333334 0.2375 0.9513888888888888 0.24921875 0.91875 0.264453125 0.8645833333333334 0.2734375 0.8152777777777778 0.271484375 0.8069444444444445 0.247265625 0.8458333333333333 0.2109375 0.925 0.209765625 0.9298611111111111 0.209765625 0.95625 0.19765625 0.9861111111111112
2 0.37421875 0.7868055555555555 0.375390625 0.8680555555555556 0.373046875 0.8777777777777778 0.374609375 0.8847222222222222 0.375390625 0.9361111111111111 0.37734375 0.9388888888888889 0.38125 0.9340277777777778 0.38203125 0.9090277777777778 0.380859375 0.9020833333333333 0.38203125 0.9 0.380859375 0.8951388888888889 0.380859375 0.7673611111111112 0.376171875 0.7722222222222223
2 0.38515625 0.7694444444444445 0.38359375 0.8020833333333334 0.3875 0.8305555555555556 0.391015625 0.8444444444444444 0.4 0.9486111111111111 0.40390625 0.9555555555555556 0.408203125 0.9548611111111112 0.410546875 0.9458333333333333 0.40546875 0.8645833333333334 0.398046875 0.7715277777777778 0.39296875 0.7354166666666667
2 0.546875 0.9069444444444444 0.541796875 0.9506944444444444 0.549609375 0.9548611111111112 0.554296875 0.9486111111111111 0.55546875 0.9229166666666667 0.5625 0.9027777777777778 0.564453125 0.8736111111111111 0.58046875 0.8152777777777778 0.58203125 0.7958333333333333 0.581640625 0.7673611111111112 0.579296875 0.7555555555555555 0.57734375 0.7527777777777778 0.571875 0.7506944444444444 0.570703125 0.7541666666666667 0.550390625 0.8854166666666666 0.550390625 0.8930555555555556
2 0.57890625 0.9256944444444445 0.578125 0.9354166666666667 0.580078125 0.9388888888888889 0.58359375 0.9409722222222222 0.58828125 0.9354166666666667 0.588671875 0.9252312500000001 0.592578125 0.9125 0.591796875 0.8972222222222223 0.59765625 0.8805555555555555 0.597265625 0.8729166666666667 0.6015625 0.8513888888888889 0.61171875 0.8173611111111111 0.615234375 0.7979166666666667 0.6171875 0.775 0.613671875 0.76875 0.606640625 0.7666666666666667 0.603125 0.7770833333333333
2 0.6875 0.71875 0.68671875 0.7243055555555555 0.694921875 0.7986111111111112 0.70078125 0.8368055555555556 0.704296875 0.8458333333333333 0.706640625 0.8770833333333333 0.713671875 0.9173611111111111 0.71328125 0.9236111111111112 0.71640625 0.94375 0.7140625 0.9638888888888889 0.724609375 0.9770833333333333 0.7328125 0.9798611111111111 0.74453125 0.9638888888888889 0.744921875 0.95625 0.734375 0.9270833333333334 0.7296875 0.9034722222222222 0.72578125 0.8972222222222223 0.72265625 0.8756944444444444 0.719921875 0.86875 0.71640625 0.8472222222222222 0.71875 0.8409722222222222 0.71953125 0.8291666666666667 0.712890625 0.7951388888888888 0.69140625 0.7208333333333333 0.6890625 0.7173611111111111
2 0.755078125 0.6944444444444444 0.75546875 0.7041666666666667 0.762109375 0.7208333333333333 0.765234375 0.7368055555555556 0.800390625 0.8402777777777778 0.80625 0.8472222222222222 0.827734375 0.8951388888888889 0.843359375 0.9555555555555556 0.84609375 0.9583333333333334 0.861328125 0.9493055555555555 0.866796875 0.9354166666666667 0.867578125 0.9236111111111112 0.856640625 0.9083333333333333 0.845703125 0.8861111111111111 0.841796875 0.8826388888888889 0.819921875 0.8180555555555555 0.818359375 0.8090277777777778 0.799609375 0.7652777777777777 0.765625 0.7020833333333333 0.759765625 0.69375 0.755859375 0.6923611111111111
2 0.6484375 0.5555555555555556 0.648046875 0.5638888888888889 0.649609375 0.5666666666666667 0.659375 0.5743055555555555 0.681640625 0.6076388888888888 0.701953125 0.6555555555555556 0.7046875 0.66875 0.723828125 0.7013888888888888 0.753515625 0.7458333333333333 0.767578125 0.7631944444444444 0.77109375 0.7659722222222223 0.773828125 0.7631944444444444 0.77109375 0.7520833333333333 0.7671875 0.7486111111111111 0.764453125 0.7319444444444444 0.728515625 0.64375 0.7203125 0.6270833333333333 0.711328125 0.6236111111111111 0.703125 0.6083333333333333 0.7015625 0.6013888888888889 0.690234375 0.5826388888888889 0.6875 0.5680555555555555 0.67578125 0.5368055555555555 0.673046875 0.5215277777777778 0.666015625 0.5208333333333334 0.661328125 0.5243055555555556 0.65703125 0.5305555555555556
2 0.739453125 0.60625 0.73828125 0.6069444444444444 0.7390625 0.6125 0.809765625 0.775 0.81328125 0.7777777777777778 0.816015625 0.7756944444444445 0.81953125 0.7638888888888888 0.81875 0.7583333333333333 0.80703125 0.7395833333333334 0.802734375 0.7201388888888889 0.794140625 0.7055555555555556 0.791015625 0.6930555555555555 0.78671875 0.6840277777777778 0.780078125 0.6541666666666667 0.775390625 0.6402777777777777 0.764453125 0.6215277777777778 0.752734375 0.6111111111111112
2 0.655078125 0.44583333333333336 0.65546875 0.46111111111111114 0.6578125 0.47291666666666665 0.6640625 0.49722222222222223 0.671484375 0.5152777777777777 0.677734375 0.5236111111111111 0.689453125 0.5319444444444444 0.700390625 0.5479166666666667 0.70703125 0.5652777777777778 0.712109375 0.5673611111111111 0.719921875 0.5763888888888888 0.728515625 0.5986111111111111 0.73359375 0.5972222222222222 0.736328125 0.5923611111111111 0.7375 0.5833333333333334 0.729296875 0.5666666666666667 0.662890625 0.4527777777777778 0.658203125 0.44583333333333336
3 0.386328125 0.5361111111111111 0.3875 0.5847222222222223 0.390234375 0.6069444444444444 0.392578125 0.6097222222222223 0.389453125 0.6229166666666667 0.390625 0.6784722222222223 0.39375 0.6993055555555555 0.39609375 0.7027777777777777 0.415234375 0.8284722222222223 0.415625 0.8659722222222223 0.4203125 0.8798611111111111 0.415234375 0.9090277777777778 0.415625 0.9277777777777778 0.418359375 0.9305555555555556 0.4203125 0.9381944444444444 0.4203125 0.9486111111111111 0.42265625 0.9513888888888888 0.428515625 0.9513888888888888 0.43125 0.9479166666666666 0.43125 0.9395833333333333 0.43671875 0.9319444444444445 0.43828125 0.9138888888888889 0.44296875 0.9041666666666667 0.443359375 0.8604166666666667 0.43359375 0.7138888888888889 0.43203125 0.6784722222222223 0.43359375 0.6493055555555556 0.4296875 0.5965277777777778 0.430078125 0.5833333333333334 0.426171875 0.5625 0.42265625 0.45625 0.421875 0.44305555555555554 0.419921875 0.4395833333333333 0.40859375 0.45416666666666666 0.396484375 0.4798611111111111 0.390234375 0.5034722222222222
3 0.505859375 0.8798611111111111 0.50390625 0.9125 0.50546875 0.9243055555555556 0.50859375 0.9319444444444445 0.50859375 0.9548611111111112 0.509765625 0.9583333333333334 0.517578125 0.9590277777777778 0.52265625 0.9402777777777778 0.5328125 0.9194444444444444 0.533203125 0.9097222222222222 0.531640625 0.90625 0.5484375 0.7833333333333333 0.554296875 0.7784722222222222 0.556640625 0.7548611111111111 0.56484375 0.7166666666666667 0.5914265624999999 0.5744034722222222 0.594422265625 0.5409284722222222 0.591854296875 0.50060625 0.580299609375 0.4640875 0.5606140625 0.43745972222222224 0.53515625 0.6722222222222223 0.53125 0.6895833333333333 0.520703125 0.7828701388888889 0.5171875 0.7944444444444444 0.5171875 0.8083333333333333 0.51171875 0.8340277777777778