3 0.44617784711388453 0.028026905829596414 0.44617784711388453 0.03587443946188341 0.45865834633385333 0.043721973094170405 0.4836193447737909 0.03699551569506727 0.5834633385335414 0.04035874439461883 0.8549141965678627 0.06278026905829596 0.8814352574102964 0.06053811659192825 0.9048361934477379 0.052690582959641255 0.9407176287051482 0.020179372197309416 0.45865834633385333 0.01905829596412556
3 0.7020280811232449 0.005605381165919282 0.7051482059282371 0.014573991031390135 0.8237129485179407 0.014573991031390135 0.8455538221528861 0.010089686098654708 0.8221528861154446 0.004484304932735426
3 0.44617784711388453 0.2320627802690583 0.45085803432137284 0.2600896860986547 0.47737909516380655 0.27914798206278024 0.5226209048361935 0.2802690582959641 0.5491419656786272 0.2713004484304933 0.5647425897035881 0.2365470852017937 0.6879875195007801 0.24775784753363228 0.8673946957878315 0.27914798206278024 0.8767550702028081 0.27242152466367714 0.8798751950078003 0.19394618834080718 0.8642745709828393 0.17713004484304934 0.8471138845553822 0.16928251121076232 0.8143525741029641 0.16928251121076232 0.8315132605304212 0.17825112107623317 0.8393135725429017 0.19114349775784753 0.8330733229329174 0.20739910313901344 0.748829953198128 0.19730941704035873 0.5616224648985959 0.20515695067264575 0.5553822152886115 0.19170403587443946 0.53198127925117 0.20964125560538116 0.47425897035881437 0.2163677130044843
3 0.4539781591263651 0.30829596412556054 0.45241809672386896 0.31614349775784756 0.46489859594383776 0.33183856502242154 0.5132605304212169 0.3239910313901345 0.5990639625585024 0.32286995515695066 0.6287051482059283 0.3295964125560538 0.6661466458658346 0.32847533632286996 0.7644305772230889 0.36434977578475336 0.797191887675507 0.36771300448430494 0.858034321372855 0.36434977578475336 0.7831513260530422 0.3273542600896861 0.6973478939157566 0.30269058295964124 0.5881435257410297 0.3004484304932735
3 0.5678627145085804 0.3295964125560538 0.5585023400936038 0.336322869955157 0.5631825273010921 0.3452914798206278 0.6427457098283932 0.3452914798206278 0.6536661466458659 0.34080717488789236 0.6521060842433697 0.336322869955157 0.6115444617784711 0.3374439461883408 0.5850234009360374 0.3295964125560538
3 0.46801872074882994 0.46524663677130046 0.46801872074882994 0.4786995515695067 0.47737909516380655 0.48878923766816146 0.500780031201248 0.48318385650224216 0.5504789391575663 0.48318385650224216 0.5709828393135725 0.4854260089686099 0.5787831513260531 0.49327354260089684 0.6068642745709828 0.4966367713004484 0.7550702028081123 0.49887892376681614 0.7784711388455539 0.4966367713004484 0.7909516380655226 0.4876681614349776 0.7909516380655226 0.476457399103139 0.781591263650546 0.46860986547085204 0.7379095163806553 0.460762331838565 0.5397815912636506 0.45964125560538116
3 0.44773790951638065 0.1109865470852018 0.44617784711388453 0.12331838565022421 0.45709828393135726 0.1311659192825112 0.4711388455538221 0.12556053811659193 0.5085803432137286 0.12331838565022421 0.5787831513260531 0.13228699551569506 0.625585023400936 0.1311659192825112 0.7597503900156006 0.14573991031390135 0.8611544461778471 0.15022421524663676 0.9344773790951638 0.1412556053811659 0.9859594383775351 0.10426008968609865 0.903795631825273 0.10538116591928251 0.8876755070202809 0.08744394618834081 0.8673946957878315 0.08632286995515695 0.6177847113884556 0.08408071748878924 0.5990639625585024 0.08856502242152467 0.5990639625585024 0.10201793721973094 0.46957878315132606 0.10089686098654709 0.45865834633385333 0.10201793721973094
2 0.0187207488299532 0.028026905829596414 0.014040561622464899 0.03139013452914798 0.0171606864274571 0.04147982062780269 0.054602184087363496 0.043721973094170405 0.29017160686427457 0.03699551569506727 0.2839313572542902 0.03139013452914798 0.18876755070202808 0.0257847533632287
2 0.014040561622464899 0.0795964125560538 0.0171606864274571 0.08968609865470852 0.0514820592823713 0.09192825112107623 0.1934477379095164 0.09080717488789238 0.2948517940717629 0.08408071748878924 0.27769110764430577 0.0795964125560538 0.19032761310452417 0.07511210762331838 0.0405616224648986 0.07511210762331838
2 0.0234009360374415 0.11434977578475336 0.015600624024960999 0.12443946188340807 0.0265210608424337 0.1311659192825112 0.2121684867394696 0.13004484304932734 0.26521060842433697 0.12780269058295965 0.28549141965678626 0.12219730941704036 0.23556942277691106 0.11547085201793722
2 0.0202808112324493 0.15582959641255606 0.014040561622464899 0.1647982062780269 0.0234009360374415 0.17040358744394618 0.19500780031201248 0.17040358744394618 0.29329173166926675 0.16367713004484305 0.2823712948517941 0.1591928251121076 0.21528861154446177 0.15582959641255606
2 0.0234009360374415 0.21748878923766815 0.0218408736349454 0.22757847533632286 0.028081123244929798 0.23318385650224216 0.0436817472698908 0.22869955156950672 0.08658346333853355 0.22869955156950672 0.1029641185647426 0.24663677130044842 0.10920436817472699 0.24439461883408073 0.10920436817472699 0.2382286995515695 0.12831513260530422 0.22869955156950672 0.34009360374414976 0.22757847533632286 0.36817472698907955 0.22085201793721973 0.3369734789391576 0.21300448430493274 0.11076443057722309 0.21188340807174888 0.10764430577223089 0.19282511210762332 0.10140405616224649 0.19282511210762332 0.10140405616224649 0.2040358744394619 0.09204368174726989 0.21300448430493274 0.0327613104524181 0.21300448430493274
2 0.0218408736349454 0.273542600896861 0.028081123244929798 0.2881165919282511 0.0436817472698908 0.2836322869955157 0.09516380655226209 0.2825112107623318 0.1029641185647426 0.3015695067264574 0.1248798751950078 0.2825112107623318 0.2823712948517941 0.2825112107623318 0.31201248049922 0.27466367713004486 0.28081123244929795 0.2679372197309417 0.11232449297971919 0.26681614349775784 0.1060842433697348 0.25112107623318386 0.08853354134165367 0.26905829596412556 0.031201248049921998 0.26905829596412556
0 0.028081123244929798 0.3329596412556054 0.0265210608424337 0.3396860986547085 0.0343213728549142 0.34641255605381166 0.11232449297971919 0.34417040358744394 0.12480499219968799 0.3609865470852018 0.1419656786271451 0.3576233183856502 0.14040561622464898 0.35201793721973096 0.1684867394695788 0.3452914798206278 0.36349453978159124 0.3452914798206278 0.42589703588143524 0.3329596412556054 0.40873634945397813 0.32847533632286996 0.15345397815912637 0.3273542600896861 0.12636505460218408 0.3094170403587444 0.10920436817472699 0.32847533632286996 0.0374414976599064 0.32847533632286996
2 0.0343213728549142 0.3778026905829596 0.0343213728549142 0.3957399103139013 0.10903120124804992 0.39349775784753366 0.12168486739469579 0.3968609865470852 0.12480499219968799 0.4024663677130045 0.13912948517940718 0.39349775784753366 0.2574102964118565 0.3923766816143498 0.2839313572542902 0.38565022421524664 0.2714508580343214 0.38004484304932734 0.1684867394695788 0.37668161434977576 0.1544461778471139 0.3688340807174888 0.14040561622464898 0.3721973094170404 0.12636505460218408 0.36771300448430494 0.12012480499219969 0.37668161434977576 0.10920436817472699 0.3789237668161435
2 0.046801872074883 0.4192825112107623 0.0436817472698908 0.42713004484304934 0.0499219968798752 0.4316143497757848 0.1856474258970359 0.4316143497757848 0.2121684867394696 0.4226457399103139 0.20280811232449297 0.41816143497757846
2 0.0452418096723869 0.5011210762331838 0.0405616224648986 0.5201793721973094 0.0514820592823713 0.5347533632286996 0.07644305772230889 0.5403587443946188 0.14040561622464898 0.5336322869955157 0.15132605304212168 0.5056053811659192 0.34009360374414976 0.5022421524663677 0.2714508580343214 0.4943946188340807 0.15600624024961 0.49551569506726456 0.14508580343213728 0.4798206278026906 0.12433697347893916 0.49327354260089684 0.0499219968798752 0.49327354260089684
2 0.0452418096723869 0.5683856502242153 0.0421216848673947 0.5874439461883408 0.0514820592823713 0.602017937219731 0.07644305772230889 0.6087443946188341 0.13884555382215288 0.6031390134529148 0.14508580343213728 0.57847533632287 0.15132605304212168 0.5739910313901345 0.30265210608424337 0.5717488789237668 0.34009360374414976 0.5672645739910314 0.2870514820592824 0.5627802690582959 0.1731669266770671 0.5627802690582959 0.14664586583463338 0.5515695067264574 0.1419656786271451 0.5426008968609866 0.11778471138845553 0.5582959641255605 0.0530421216848674 0.5582959641255605
2 0.046801872074883 0.6233183856502242 0.0452418096723869 0.6334080717488789 0.0530421216848674 0.6434977578475336 0.2574102964118565 0.6423766816143498 0.2870514820592824 0.6390134529147982 0.31201248049922 0.6300448430493274 0.23244929797191888 0.6199551569506726
2 0.056162246489859596 0.6928251121076233 0.056162246489859596 0.7130044843049327 0.13229329173166926 0.7118834080717489 0.1497659906396256 0.7197309417040358 0.15756630265210608 0.7141255605381166 0.27301092043681746 0.7130044843049327 0.30265210608424337 0.7073991031390134 0.31513260530421217 0.7006726457399103 0.23244929797191888 0.6905829596412556 0.16786271450858034 0.6905829596412556 0.1497659906396256 0.6849775784753364 0.13884555382215288 0.6939461883408071
2 0.054602184087363496 0.7477578475336323 0.0530421216848674 0.7634529147982063 0.060842433697347896 0.765695067264574 0.25585023400936036 0.7679372197309418 0.28861154446177845 0.7645739910313901 0.31357254290171604 0.7556053811659192 0.24180967238689546 0.7455156950672646 0.17160686427457097 0.7455156950672646 0.1482059282371295 0.7410313901345291 0.12636505460218408 0.7488789237668162
2 0.056162246489859596 0.7959641255605381 0.056162246489859596 0.8139013452914798 0.2745709828393136 0.8127802690582959 0.31825273010920435 0.8071748878923767 0.3166926677067083 0.8015695067264574 0.27301092043681746 0.7959641255605381
2 0.08892355694227769 0.8430493273542601 0.08892355694227769 0.8598654708520179 0.15912636505460218 0.8598654708520179 0.1669266770670827 0.8654708520179372 0.17628705148205928 0.8621076233183856 0.24492979719188768 0.8621076233183856 0.2823712948517941 0.850896860986547 0.25117004680187205 0.8430493273542601 0.18876755070202808 0.844170403587444 0.17004680187207488 0.8374439461883408 0.15600624024961 0.8430493273542601
2 0.0904836193447738 0.8845291479820628 0.0904836193447738 0.9024663677130045 0.15912636505460218 0.9013452914798207 0.1684867394695788 0.9080717488789237 0.189808112324493 0.9024663677130045 0.24804992199687986 0.9024663677130045 0.28081123244929795 0.8923766816143498 0.27613104524180965 0.8878923766816144 0.24804992199687986 0.8845291479820628
2 0.4664586583463339 0.39798206278026904 0.46333853354134164 0.4103139013452915 0.4836193447737909 0.4192825112107623 0.5709828393135725 0.4170403587443946 0.5803432137285491 0.4383408071748879 0.5959438377535101 0.4304932735426009 0.7550702028081123 0.4304932735426009 0.7909516380655226 0.42376681614349776 0.8174726989079563 0.41143497757847536 0.7706708268330733 0.3991031390134529 0.7519500780031201 0.3890134529147982 0.5959438377535101 0.3890134529147982 0.5834633385335414 0.37331838565022424 0.5787831513260531 0.38789237668161436 0.5694227769110765 0.3957399103139013 0.48673946957878317 0.3923766816143498
2 0.4711388455538221 0.5347533632286996 0.46957878315132606 0.5448430493273543 0.47737909516380655 0.5515695067264574 0.5070202808112324 0.5448430493273543 0.5304212168486739 0.5448430493273543 0.5631825273010921 0.547085201793722 0.5741029641185648 0.5582959641255605 0.5865834633385335 0.5526905829596412 0.6957878315132605 0.5616591928251121 0.7581903276131046 0.5571748878923767 0.7940717628705148 0.5403587443946188 0.7831513260530422 0.531390134529148 0.7379095163806553 0.5190582959641256 0.5787831513260531 0.5201793721973094 0.5756630265210608 0.515695067264574 0.5678627145085804 0.523542600896861 0.48205928237129486 0.5280269058295964
2 0.46957878315132606 0.6076233183856502 0.46801872074882994 0.6188340807174888 0.47737909516380655 0.6266816143497758 0.4960998439937597 0.6210762331838565 0.5616224648985959 0.6210762331838565 0.5725429017160687 0.647982062780269 0.5834633385335414 0.6233183856502242 0.6271450858034321 0.625560538116592 0.6895475819032761 0.6390134529147982 0.7223088923556942 0.6390134529147982 0.7784711388455539 0.6165919282511211 0.7956318252730109 0.5997757847533632 0.7207488299531981 0.6065022421524664 0.6848673946957878 0.594170403587444 0.5819032761310452 0.594170403587444 0.5756630265210608 0.5683856502242153 0.5709828393135725 0.5672645739910314 0.5647425897035881 0.5952914798206278 0.4836193447737909 0.5997757847533632
2 0.47269890795631825 0.6659192825112108 0.4711388455538221 0.6771300448430493 0.4789391575663027 0.6849775784753364 0.48985959438377535 0.6849775784753364 0.5023400936037441 0.6771300448430493 0.5725429017160687 0.6771300448430493 0.5865834633385335 0.6995515695067265 0.7581903276131046 0.6961883408071748 0.7831513260530422 0.6894618834080718 0.7940717628705148 0.6782511210762332 0.7940717628705148 0.6737668161434978 0.7800312012480499 0.6681614349775785 0.7379095163806553 0.6614349775784754 0.500780031201248 0.6603139013452914 0.48049921996879874 0.6614349775784754
2 0.48049921996879874 0.7399103139013453 0.48673946957878317 0.7556053811659192 0.5054602184087363 0.75 0.5457613104524182 0.75 0.5631825273010921 0.7544843049327354 0.5678627145085804 0.7612107623318386 0.5756630265210608 0.7522421524663677 0.6583463338533542 0.7600896860986547 0.7129485179407177 0.7600896860986547 0.7597503900156006 0.7410313901345291 0.7425897035881436 0.7298206278026906 0.7113884555382215 0.7208520179372198 0.6583463338533542 0.7208520179372198 0.592823712948518 0.7275784753363229 0.5694227769110765 0.7197309417040358 0.5647425897035881 0.7275784753363229 0.5522620904836193 0.7320627802690582 0.49765990639625585 0.7309417040358744
2 0.4789391575663027 0.7903587443946188 0.47737909516380655 0.8082959641255605 0.48517940717628705 0.8139013452914798 0.48517940717628705 0.8262331838565022 0.500780031201248 0.8352017937219731 0.5647425897035881 0.8340807174887892 0.5772230889235569 0.827354260089686 0.5803432137285491 0.8172645739910314 0.5959438377535101 0.8116591928251121 0.7535101404056163 0.8161434977578476 0.7800312012480499 0.8116591928251121 0.8034321372854915 0.7982062780269058 0.7223088923556942 0.7881165919282511 0.5834633385335414 0.7869955156950673 0.5787831513260531 0.781390134529148 0.5663026521060842 0.7903587443946188
2 0.48205928237129486 0.850896860986547 0.48829953198127923 0.8845291479820628 0.5023400936037441 0.8957399103139013 0.5678627145085804 0.8957399103139013 0.6006240249609984 0.8710762331838565 0.765990639625585 0.874439461883408 0.8049921996879875 0.8587443946188341 0.7425897035881436 0.8531390134529148 0.7223088923556942 0.8475336322869955 0.5865834633385335 0.8475336322869955 0.5803432137285491 0.844170403587444 0.5639625585023401 0.8497757847533632
2 0.48985959438377535 0.9304932735426009 0.48673946957878317 0.9428251121076233 0.49765990639625585 0.952914798206278 0.5117004680187207 0.945067264573991 0.5663026521060842 0.9461883408071748 0.5772230889235569 0.9708520179372198 0.5834633385335414 0.9730941704035875 0.5897035881435257 0.9697309417040358 0.5897035881435257 0.9577724215246637 0.6029641185647426 0.9495515695067265 0.7425897035881436 0.9517937219730942 0.765990639625585 0.9461883408071748 0.7878315132605305 0.9271300448430493 0.6008845553822153 0.92152466367713 0.5819032761310452 0.9013452914798207 0.5756630265210608 0.9204035874439462 0.5678627145085804 0.9260089686098655