3 0.739375 0.05545774647887324 0.45875 0.08626760563380281
3 0.73875 0.22711267605633803 0.465 0.11619718309859155
3 0.74875 0.3609154929577465 0.47625 0.14612676056338028
3 0.74875 0.539612676056338 0.4675 0.12147887323943662
3 0.748125 0.7112676056338029 0.45375 0.1602112676056338
3 0.750625 0.8873239436619719 0.45875 0.09154929577464789
3 0.245625 0.2323943661971831 0.46625 0.12147887323943662
3 0.250625 0.4022887323943662 0.46125 0.07042253521126761
3 0.246875 0.5448943661971831 0.47875 0.08274647887323944
3 0.244375 0.7200704225352113 0.46125 0.15492957746478872
3 0.2425 0.8934859154929577 0.46 0.13204225352112675