3 0.23505434782608695 0.19701086956521738 0.422554347826087 0.07880434782608696
3 0.23233695652173914 0.35733695652173914 0.40217391304347827 0.10054347826086957
3 0.2269021739130435 0.49252717391304346 0.40353260869565216 0.07608695652173914
3 0.23369565217391305 0.6283967391304348 0.3967391304347826 0.08016304347826086
3 0.22486413043478262 0.7866847826086957 0.4171195652173913 0.08152173913043478
3 0.21603260869565216 0.9327445652173914 0.4008152173913043 0.09918478260869565
3 0.7466032608695652 0.20380434782608695 0.4633152173913043 0.09239130434782608
3 0.7574728260869565 0.34035326086956524 0.4048913043478261 0.09375
3 0.7275815217391305 0.4891304347826087 0.4673913043478261 0.07336956521739131
3 0.7724184782608695 0.7744565217391305 0.391304347826087 0.11548913043478261
3 0.7520380434782609 0.9150815217391305 0.4320652173913043 0.11277173913043478