2 0.090625 0.0421875 0.0859375 0.04375 0.1 0.0484375 0.2828125 0.0578125 0.4671875 0.05625 0.534375 0.0625 0.5546875 0.053125 0.5078125 0.04375
2 0.0890625 0.0984375 0.5 0.10625 0.5171875 0.0953125 0.4765625 0.0890625 0.203125 0.0890625
2 0.0859375 0.1359375 0.078125 0.1390625 0.14375 0.146875 0.3765625 0.153125 0.42901718750000006 0.146875 0.6203125 0.15 0.6375 0.14375 0.621875 0.1359375 0.5671875 0.134375
2 0.084375 0.2140625 0.0671875 0.2171875 0.21875 0.2296875 0.4671875 0.23125 0.509375 0.221875 0.753125 0.228125 0.7703125 0.2234375 0.7765625 0.215625 0.7609375 0.2078125 0.7140625 0.2046875
2 0.065625 0.2921875 0.078125 0.2984375 0.146875 0.303125 0.3796875 0.3109375 0.425 0.3109375 0.446875 0.3015625 0.6890625 0.3078125 0.7140625 0.3015625 0.71875 0.2953125 0.665625 0.2875 0.1640625 0.284375 0.096875 0.284375
2 0.1203125 0.3765625 0.11875 0.41875 0.125 0.4359375 0.275 0.4375 0.4765625 0.4296875 0.4828125 0.4265625 0.48125 0.4078125 0.5078125 0.3828125 0.7765625 0.3828125 0.7953125 0.36875 0.775 0.3640625 0.6328125 0.3640625
2 0.08125 0.4875 0.078125 0.509375 0.3296875 0.509375 0.4734375 0.503125 0.4875 0.4984375 0.490625 0.4828125 0.5046875 0.4734375 0.8265625 0.484375 0.865625 0.475 0.871875 0.4625 0.840625 0.4546875 0.76875 0.4515625 0.11875 0.453125 0.0984375 0.4578125
2 0.06875 0.5671875 0.0640625 0.571875 0.0734375 0.575 0.153125 0.5796875 0.55625 0.590625 0.5671875 0.5875 0.571875 0.5625 0.840625 0.565625 0.884375 0.5734375 0.9078125 0.5671875 0.921875 0.5546875 0.8921875 0.546875 0.8359375 0.54375 0.18125 0.5421875 0.10625 0.553125
2 0.0859375 0.65625 0.0734375 0.6609375 0.1265625 0.671875 0.21875 0.6796875 0.5796875 0.684375 0.596875 0.6796875 0.60625 0.6625 0.903125 0.6671875 0.9265625 0.6609375 0.93125 0.65 0.909375 0.6421875 0.740625 0.640625
2 0.0546875 0.746875 0.0546875 0.7515625 0.234375 0.7609375 0.6296875 0.7625 0.659375 0.7484375 0.9515625 0.7515625 0.9734375 0.7359375 0.9109375 0.728125 0.6984375 0.734375 0.1140625 0.7359375
2 0.1 0.8171875 0.0953125 0.8265625 0.1109375 0.8359375 0.203125 0.840625 0.484375 0.8453125 0.8 0.8421875 0.903125 0.8484375 0.9296875 0.8359375 0.9265625 0.828125 0.8953125 0.8234375 0.6640625 0.8234375 0.4859375 0.8125 0.1734375 0.809375 0.11875 0.8109375
2 0.3328125 0.9078125 0.0234375 0.9140625 0.05 0.9234375 0.1296875 0.9328125 0.3328125 0.9359375 0.6234375 0.9359375 0.6546875 0.9265625 0.753125 0.925 0.9453125 0.93125 0.9734375 0.9203125 0.9625 0.9078125 0.9203125 0.90625