3 0.75625 0.6576200417536534 0.10416666666666667 0.11064718162839249
3 0.6930555555555555 0.605427974947808 0.0875 0.11482254697286012
3 0.6229166666666667 0.5553235908141962 0.08472222222222223 0.13987473903966596
3 0.5569444444444445 0.5365344467640919 0.07222222222222222 0.21920668058455114
3 0.4791666666666667 0.48851774530271397 0.06111111111111111 0.21294363256784968
3 0.36875 0.4582463465553236 0.041666666666666664 0.1440501043841336
3 0.2722222222222222 0.48329853862212946 0.06805555555555555 0.19206680584551147
3 0.2076388888888889 0.5093945720250522 0.05416666666666667 0.1524008350730689
3 0.15138888888888888 0.5521920668058455 0.059722222222222225 0.1524008350730689
3 0.10833333333333334 0.6033402922755741 0.0875 0.1649269311064718
3 0.35138888888888886 0.6607515657620042 0.2625 0.11064718162839249
3 0.14375 0.40083507306889354 0.05555555555555555 0.13987473903966596
3 0.1125 0.407098121085595 0.07222222222222222 0.09812108559498957
3 0.0875 0.44467640918580376 0.05277777777777778 0.060542797494780795
3 0.06388888888888888 0.4718162839248434 0.05 0.05010438413361169
3 0.7291666666666666 0.4342379958246347 0.041666666666666664 0.1419624217118998
3 0.6854166666666667 0.4144050104384134 0.05138888888888889 0.14613778705636743