3 0.10486111111111111 0.5666666666666667 0.07083333333333333 0.5041666666666667
0 0.5034722222222222 0.0625 0.8833333333333333 0.08611111111111111
0 0.5118055555555555 0.11666666666666667 0.7972222222222223 0.06666666666666667
0 0.5868055555555556 0.18194444444444444 0.7263888888888889 0.05277777777777778
0 0.5381944444444444 0.24305555555555555 0.7958333333333333 0.04861111111111111
0 0.4388888888888889 0.29930555555555555 0.6027777777777777 0.05138888888888889
2 0.7055555555555556 0.5513888888888889 0.7041666666666667 0.5861111111111111 0.7152777777777778 0.6777777777777778 0.7277777777777777 0.7513888888888889 0.7402777777777778 0.7680555555555556 0.7347222222222223 0.7791666666666667 0.7166666666666667 0.7791666666666667 0.7152777777777778 0.7833333333333333 0.7208333333333333 0.7875 0.7486111111111111 0.7847222222222222 0.7583333333333333 0.7958333333333333 0.7652777777777777 0.8847222222222222 0.7625 0.9027777777777778 0.7513888888888889 0.9111111111111111 0.75 0.9194444444444444 0.7666666666666667 0.9277777777777778 0.7944444444444444 0.9277777777777778 0.8055555555555556 0.9180555555555555 0.8069444444444445 0.8972222222222223 0.7888888888888889 0.7736111111111111 0.8097222222222222 0.7583333333333333 0.8097222222222222 0.7513888888888889 0.7972222222222223 0.7527777777777778 0.7861111111111111 0.7402777777777778 0.7611111111111111 0.6027777777777777 0.7291666666666666 0.5138888888888888 0.7152777777777778 0.5263888888888889
2 0.6625 0.7013888888888888 0.6638888888888889 0.7208333333333333 0.675 0.7375 0.6597222222222222 0.7597222222222222 0.6833333333333333 0.7638888888888888 0.6888888888888889 0.7819444444444444 0.6847222222222222 0.8152777777777778 0.6680555555555555 0.8513888888888889 0.6708333333333333 0.8597222222222223 0.6819444444444445 0.8611111111111112 0.6930555555555555 0.8569444444444444 0.6986111111111111 0.8444444444444444 0.7111111111111111 0.7875 0.6833333333333333 0.6416666666666667 0.6680555555555555 0.6638888888888889
2 0.5944444444444444 0.5972222222222222 0.5930555555555556 0.6458333333333334 0.6055555555555555 0.7333333333333333 0.6013888888888889 0.7430555555555556 0.6194444444444445 0.7486111111111111 0.6236111111111111 0.7805555555555556 0.6236111111111111 0.8416666666666667 0.6166666666666667 0.8513888888888889 0.6027777777777777 0.8555555555555555 0.6 0.875 0.6138888888888889 0.9 0.6305555555555555 0.9152777777777777 0.6416666666666667 0.9180555555555555 0.6541666666666667 0.9083333333333333 0.6638888888888889 0.8486111111111111 0.6569444444444444 0.7402777777777778 0.6347222222222222 0.6416666666666667 0.6069444444444444 0.5722222222222222
2 0.5222222222222223 0.5958333333333333 0.5291666666666667 0.775 0.5069444444444444 0.7944444444444444 0.5254625 0.7958333333333333 0.5361111111111111 0.8055555555555556 0.5361111111111111 0.8388888888888889 0.5444444444444444 0.8819444444444444 0.5388888888888889 0.9111111111111111 0.5638888888888889 0.9333333333333333 0.5763888888888888 0.9111111111111111 0.5708333333333333 0.8111111111111111 0.5972222222222222 0.7902777777777777 0.6 0.7819444444444444 0.5791666666666667 0.7847222222222222 0.5694444444444444 0.7666666666666667 0.5597222222222222 0.6347222222222222 0.5458333333333333 0.5527777777777778 0.5347222222222222 0.5597222222222222
2 0.46111111111111114 0.6277777777777778 0.46111111111111114 0.8791666666666667 0.46805555555555556 0.8902777777777777 0.4777777777777778 0.8930555555555556 0.4861111111111111 0.8875 0.49027777777777776 0.875 0.49027777777777776 0.7805555555555556 0.4930555555555556 0.7486111111111111 0.5013888888888889 0.7402777777777778 0.49583333333333335 0.7246527777777778 0.49444444444444446 0.5986111111111111 0.48333333333333334 0.5611111111111111 0.4708333333333333 0.5736111111111111
2 0.3958333333333333 0.6013888888888889 0.3972222222222222 0.6861111111111111 0.375 0.7111111111111111 0.3736111111111111 0.7194444444444444 0.3888888888888889 0.7138888888888889 0.3972222222222222 0.7236111111111111 0.39166666666666666 0.8097222222222222 0.3972222222222222 0.825 0.4152777777777778 0.8333333333333334 0.4263888888888889 0.8291666666666667 0.42916666666666664 0.8208333333333333 0.42916666666666664 0.7335652777777778 0.4361111111111111 0.6958333333333333 0.42777777777777776 0.6041666666666666 0.41944444444444445 0.5763888888888888 0.4111111111111111 0.5694444444444444
2 0.32083333333333336 0.6597222222222222 0.325 0.6833333333333333 0.3194444444444444 0.6958333333333333 0.3125 0.7652777777777777 0.31666666666666665 0.7722222222222223 0.3333333333333333 0.7763888888888889 0.3472222222222222 0.7625 0.35138888888888886 0.7444444444444445 0.35555555555555557 0.5791666666666667 0.3486111111111111 0.5722222222222222 0.33611111111111114 0.5930555555555556 0.33055555555555555 0.6472222222222223
2 0.2861111111111111 0.6569444444444444 0.27361111111111114 0.7444444444444445 0.2763888888888889 0.7527777777777778 0.2902777777777778 0.7611111111111111 0.30972222222222223 0.7208333333333333 0.31527777777777777 0.6416666666666667 0.31527777777777777 0.5944444444444444 0.30972222222222223 0.5736111111111111 0.2986111111111111 0.5916666666666667
2 0.2652777777777778 0.5972222222222222 0.2569444444444444 0.6763888888888889 0.23055555555555557 0.7277777777777777 0.24027777777777778 0.7416666666666667 0.2513888888888889 0.7402777777777778 0.2611111111111111 0.7305555555555555 0.28055555555555556 0.6694444444444444 0.2847222222222222 0.6055555555555555 0.2777777777777778 0.5777777777777777
2 0.4027777777777778 0.38333333333333336 0.39861111111111114 0.39444444444444443 0.4166666666666667 0.4111111111111111 0.44305555555555554 0.42083333333333334 0.5194444444444445 0.425 0.5319444444444444 0.44166666666666665 0.5416666666666666 0.425 0.5597222222222222 0.41944444444444445 0.5777777777777777 0.4305555555555556 0.6041666666666666 0.42777777777777776 0.6083333333333333 0.41944444444444445 0.5902777777777778 0.39861111111111114 0.5583333333333333 0.4 0.5361111111111111 0.38055555555555554 0.5125 0.3861111111111111 0.5055555555555555 0.4013888888888889 0.48194444444444445 0.4027777777777778 0.4444444444444444 0.4027777777777778 0.4125 0.39444444444444443 0.4111111111111111 0.3875
2 0.4666666666666667 0.4388888888888889 0.4652777777777778 0.5347222222222222 0.4583333333333333 0.5638888888888889 0.4736111111111111 0.5694444444444444 0.49027777777777776 0.5361111111111111 0.49583333333333335 0.4791666666666667 0.48055555555555557 0.42083333333333334 0.4722222222222222 0.4222222222222222
2 0.3527777777777778 0.4652777777777778 0.34444444444444444 0.5680555555555555 0.36666666666666664 0.5722222222222222 0.375 0.5694444444444444 0.3763888888888889 0.475 0.38055555555555554 0.46944444444444444 0.37777777777777777 0.40555555555555556 0.37222222222222223 0.3902777777777778 0.3625 0.40694444444444444
2 0.31666666666666665 0.49166666666666664 0.31527777777777777 0.5708333333333333 0.3375 0.575 0.34305555555555556 0.5625 0.3486111111111111 0.4847222222222222 0.3416666666666667 0.44513888888888886 0.3416666666666667 0.39166666666666666 0.3375 0.39166666666666666 0.32916666666666666 0.4166666666666667 0.3263888888888889 0.45555555555555555
2 0.2847222222222222 0.5125 0.2833333333333333 0.5597222222222222 0.30277777777777776 0.5625 0.30833333333333335 0.5347222222222222 0.3111111111111111 0.42083333333333334 0.3055555555555556 0.3972222222222222 0.29583333333333334 0.4236111111111111
2 0.24305555555555555 0.3347222222222222 0.2375 0.3680555555555556 0.22916666666666666 0.38055555555555554 0.2388888888888889 0.3958333333333333 0.25555555555555554 0.38472222222222224 0.25555555555555554 0.31527777777777777
2 0.2013888888888889 0.31805555555555554 0.19166666666666668 0.39861111111111114 0.2 0.40555555555555556 0.21388888888888888 0.3736111111111111 0.2125 0.31805555555555554 0.20833333333333334 0.3111111111111111
2 0.15833333333333333 0.37916666666666665 0.15694444444444444 0.39861111111111114 0.16527777777777777 0.4027777777777778 0.17916666666666667 0.3638888888888889 0.18333333333333332 0.32222222222222224 0.17777777777777778 0.3111111111111111 0.17222222222222222 0.3138888888888889 0.16944444444444445 0.3472222222222222
2 0.25833333333333336 0.425 0.24861111111111112 0.5 0.23194444444444445 0.5277777777777778 0.24861111111111112 0.5388888888888889 0.24305555555555555 0.5555555555555556 0.24583333333333332 0.5652777777777778 0.2513888888888889 0.5597222222222222 0.2513888888888889 0.5444444444444444 0.27361111111111114 0.5277777777777778 0.25972222222222224 0.5194444444444445 0.2708333333333333 0.4388888888888889 0.2652777777777778 0.4236111111111111
0 0.7944444444444444 0.5805555555555556 0.7986111111111112 0.6166666666666667 0.8125 0.65 0.8152777777777778 0.6805555555555556 0.7819444444444444 0.7097222222222223 0.7777777777777778 0.7208333333333333 0.7875 0.7277777777777777 0.8138888888888889 0.7180555555555556 0.8236111111111111 0.7305555555555555 0.8277777777777777 0.7777777777777778 0.8430555555555556 0.8208333333333333 0.8680555555555556 0.9291666666666667 0.8875 0.9708333333333333 0.8888888888888888 0.9166666666666666 0.8722222222222222 0.7736111111111111 0.8597222222222223 0.7319444444444444 0.8611111111111112 0.7236111111111111 0.875 0.7111111111111111 0.8916666666666667 0.7166666666666667 0.9013888888888889 0.7069444444444445 0.8513888888888889 0.6791666666666667 0.8416666666666667 0.6513888888888889 0.8416666666666667 0.6097222222222223 0.825 0.5638888888888889 0.8166666666666667 0.5569444444444445 0.8041666666666667 0.5569444444444445 0.7972222222222223 0.5638888888888889