2 0.08125 0.6016666666666667 0.08625 0.6183333333333333 0.085 0.6483333333333333 0.07125 0.7266666666666667 0.06875 0.7983333333333333 0.0575 0.825 0.06625 0.8616666666666667 0.08375 0.855 0.09875 0.82 0.1375 0.355 0.12625 0.37166666666666665 0.10875 0.43 0.09 0.5816666666666667
2 0.14125 0.48833333333333334 0.1425 0.5566666666666666 0.15375 0.5333333333333333 0.17125 0.4533333333333333 0.17 0.4066666666666667 0.17625 0.33666666666666667 0.1825 0.31666666666666665 0.1925 0.14333333333333334 0.18375 0.11166666666666666 0.17 0.115 0.15625 0.14666666666666667
2 0.16875 0.5916666666666667 0.14625 0.8133333333333334 0.15375 0.855 0.16375 0.8533333333333334 0.1775 0.84 0.18875 0.8016666666666666 0.2075 0.5833333333333334 0.20625 0.495 0.215 0.34833333333333333 0.20375 0.36333333333333334 0.1875 0.4216666666666667 0.1775 0.5483333333333333
2 0.225 0.25666666666666665 0.2125 0.5466666666666666 0.23125 0.5133333333333333 0.24625 0.43166666666666664 0.2675 0.13 0.26125 0.10333333333333333 0.2475 0.10666666666666667 0.235 0.13
2 0.24375 0.46166666666666667 0.2425 0.545 0.23375 0.5933333333333334 0.21625 0.8133333333333334 0.21625 0.83 0.225 0.8566666666666667 0.24875 0.84 0.2575 0.8116666666666666 0.27125 0.5966666666666667 0.27 0.4766666666666667 0.2775 0.3516666666666667 0.2675 0.36333333333333334 0.25125 0.4116666666666667
2 0.29625 0.15333333333333332 0.295 0.545 0.29875 0.5466666666666666 0.31125 0.5283333333333333 0.3175 0.48833333333333334 0.33 0.30666666666666664 0.32875 0.14333333333333334 0.33375 0.13 0.3225 0.10333333333333333 0.3125 0.105 0.3025 0.11666666666666667
2 0.30875 0.5583333333333333 0.3 0.8116666666666666 0.3125 0.855 0.31875 0.8566666666666667 0.33375 0.84 0.3425 0.8083333333333333 0.3525 0.2816666666666667 0.345 0.2866666666666667 0.32875 0.32666666666666666 0.32 0.475
2 0.37 0.5833333333333334 0.36875 0.8166666666666667 0.38 0.8516666666666667 0.38875 0.8566666666666667 0.40375 0.8416666666666667 0.41125 0.8183333333333334 0.4075 0.44666666666666666 0.40375 0.41 0.38875 0.39 0.3825 0.39166666666666666 0.38 0.4066666666666667
2 0.48375 0.425 0.48125 0.56 0.49125 0.6033333333333334 0.48625 0.7166666666666667 0.4925 0.7716666666666666 0.48375 0.81 0.49375 0.8483333333333334 0.50375 0.8583333333333333 0.5175 0.845 0.525 0.825 0.52625 0.7716666666666666 0.51625 0.395 0.5025 0.31333333333333335 0.49625 0.31833333333333336 0.4875 0.35333333333333333
2 0.61125 0.13833333333333334 0.6125 0.25333333333333335 0.6275 0.46166666666666667 0.62375 0.545 0.63125 0.555 0.63625 0.7866666666666666 0.66 0.8416666666666667 0.66875 0.845 0.68875 0.8183333333333334 0.69625 0.795 0.6925 0.6983333333333334 0.6475 0.17833333333333334 0.63875 0.155 0.6275 0.14166666666666666
2 0.69125 0.18666666666666668 0.69 0.31666666666666665 0.7 0.49166666666666664 0.73375 0.76 0.725 0.79 0.74375 0.8333333333333334 0.75875 0.8433333333333334 0.7825 0.805 0.78625 0.7583333333333333 0.7575 0.5083333333333333 0.745 0.43666666666666665 0.71625 0.125 0.705 0.135
2 0.76 0.23666666666666666 0.76 0.38166666666666665 0.775 0.5366666666666666 0.80125 0.545 0.8175 0.5666666666666667 0.82 0.6566666666666666 0.835 0.735 0.835 0.7566666666666667 0.8225 0.7883333333333333 0.8375 0.8233333333333334 0.85625 0.8433333333333334 0.8775 0.815 0.885 0.76 0.8275 0.2833333333333333 0.81125 0.22166666666666668 0.785 0.19166666666666668 0.7675 0.18833333333333332
6 0.385 0.16 0.3875 0.20833333333333334 0.4225 0.2816666666666667 0.4275 0.5 0.4425 0.5366666666666666 0.44875 0.5133333333333333 0.4575 0.505 0.4625 0.4716666666666667 0.47 0.3 0.47875 0.2683333333333333 0.51 0.205 0.515 0.17666666666666667 0.51375 0.14 0.5025 0.11333333333333333 0.485 0.10833333333333334 0.47 0.12 0.46625 0.15333333333333332 0.45625 0.17333333333333334 0.4425 0.17 0.4325 0.13166666666666665 0.4175 0.12166666666666667 0.4 0.125 0.39125 0.13666666666666666