2 0.5053333333333333 0.22866666666666666 0.49733333333333335 0.234 0.49 0.236 0.4826666666666667 0.248 0.476 0.252 0.468 0.2633333333333333 0.414 0.322 0.402 0.3393333333333333 0.388 0.354 0.3873333333333333 0.36133333333333334 0.4093333333333333 0.38066666666666665 0.41933333333333334 0.38066666666666665 0.4593333333333333 0.334 0.472 0.326 0.4746666666666667 0.31666666666666665 0.482 0.30533333333333335 0.48733333333333334 0.28733333333333333 0.496 0.272 0.5 0.25466666666666665 0.5053333333333333 0.24733333333333332 0.5093333333333333 0.23333333333333334 0.5093333333333333 0.23 0.5066666666666667 0.22866666666666666
2 0.5526666666666666 0.27066666666666667 0.438 0.39066666666666666 0.43866666666666665 0.3953333333333333 0.44333333333333336 0.40066666666666667 0.4653333333333333 0.41733333333333333 0.472 0.414 0.48333333333333334 0.4026666666666667 0.5606666666666666 0.31866666666666665 0.5566666666666666 0.2826666666666667 0.5533333333333333 0.2713333333333333
2 0.5993333333333334 0.32066666666666666 0.536 0.384 0.5346666666666666 0.3893333333333333 0.53 0.39466666666666667 0.492 0.43333333333333335 0.49266666666666664 0.438 0.5193333333333333 0.462 0.5226666666666666 0.462 0.5673333333333334 0.418 0.5793333333333334 0.414 0.5913333333333334 0.4 0.6006666666666667 0.338 0.6 0.32066666666666666
2 0.662 0.36466666666666664 0.6433333333333333 0.376 0.6373333333333333 0.38466666666666666 0.5926666666666667 0.43066666666666664 0.5833333333333334 0.4513333333333333 0.554 0.48533333333333334 0.552 0.48933333333333334 0.554 0.494 0.568 0.504 0.576 0.5026666666666667 0.6066666666666667 0.4686666666666667 0.6213333333333333 0.4593333333333333 0.654 0.394 0.6573333333333333 0.38133333333333336 0.6633333333333333 0.37266666666666665 0.6633333333333333 0.366
2 0.7073333333333334 0.4026666666666667 0.6926666666666667 0.408 0.686 0.418 0.664 0.43866666666666665 0.6406666666666667 0.466 0.6353333333333333 0.4826666666666667 0.602 0.5213333333333333 0.6006666666666667 0.5286666666666666 0.6066666666666667 0.532 0.6153333333333333 0.5413333333333333 0.6193333333333333 0.542 0.626 0.5386666666666666 0.652 0.508 0.6653333333333333 0.49666666666666665 0.7086666666666667 0.41133333333333333 0.7106666666666667 0.4046666666666667 0.7093333333333334 0.4026666666666667
2 0.7553333333333333 0.426 0.752 0.42866666666666664 0.75 0.43533333333333335 0.742 0.44066666666666665 0.7346666666666667 0.4513333333333333 0.7166666666666667 0.4673333333333333 0.7 0.486 0.696 0.492 0.6953333333333334 0.5026666666666667 0.6913333333333334 0.5106666666666667 0.6526666666666666 0.5526666666666666 0.6506666666666666 0.56 0.6613333333333333 0.5733333333333334 0.6693333333333333 0.5766666666666667 0.674 0.574 0.7206666666666667 0.5246666666666666 0.7313333333333333 0.5233333333333333 0.76 0.49066666666666664 0.7653333333333333 0.476 0.766 0.4646666666666667 0.7586666666666667 0.43 0.756 0.426
2 0.81 0.462 0.802 0.47 0.7953333333333333 0.48133333333333334 0.7893333333333333 0.4866666666666667 0.7033333333333334 0.602 0.7066666666666667 0.608 0.7126666666666667 0.6106666666666667 0.722 0.62 0.7253333333333334 0.6206666666666667 0.7326666666666667 0.6146666666666667 0.7353333333333333 0.6073333333333333 0.74 0.604 0.7426666666666667 0.5973333333333334 0.7633333333333333 0.5706666666666667 0.7773333333333333 0.5693333333333334 0.782 0.566 0.812 0.5266666666666666 0.8226666666666667 0.5053333333333333 0.824 0.49066666666666664 0.8213333333333334 0.474 0.814 0.462
2 0.8446666666666667 0.534 0.8033333333333333 0.5793333333333334 0.8026666666666666 0.5866666666666667 0.7993333333333333 0.5933333333333334 0.7553333333333333 0.642 0.7553333333333333 0.6466666666666666 0.7706666666666667 0.6586666666666666 0.776 0.66 0.7833333333333333 0.656 0.8306666666666667 0.6013333333333334 0.832 0.59 0.8353333333333334 0.582 0.85 0.564 0.8493333333333334 0.5493333333333333 0.8453333333333334 0.534
2 0.48333333333333334 0.5846666666666667 0.47733333333333333 0.594 0.47333333333333333 0.5953333333333334 0.47533333333333333 0.6093333333333333 0.5326666666666666 0.656 0.558 0.6713333333333333 0.5713333333333334 0.6866666666666666 0.5906666666666667 0.69 0.6726666666666666 0.7266666666666667 0.6806666666666666 0.7266666666666667 0.674 0.7093333333333334 0.6173333333333333 0.662 0.6086666666666667 0.6413333333333333 0.5166666666666667 0.57 0.5053333333333333 0.5653333333333334
2 0.416 0.674 0.416 0.682 0.42333333333333334 0.6893333333333334 0.564 0.7986666666666666 0.596 0.796 0.6346666666666667 0.7866666666666666 0.6346666666666667 0.7833333333333333 0.62 0.7706666666666667 0.452 0.6406666666666667 0.43933333333333335 0.6393333333333333
2 0.37133333333333335 0.73 0.36933333333333335 0.736 0.37933333333333336 0.7473333333333333 0.43133333333333335 0.7886666666666666 0.43533333333333335 0.7906666666666666 0.44066666666666665 0.7893333333333333 0.45466666666666666 0.796 0.45466666666666666 0.8026666666666666 0.5473333333333333 0.8426666666666667 0.5593333333333333 0.8413333333333334 0.554 0.8306666666666667 0.5366666666666666 0.816 0.48133333333333334 0.7726666666666666 0.47333333333333333 0.7713333333333333 0.4613333333333333 0.764 0.45866666666666667 0.7586666666666667 0.3993333333333333 0.712 0.39066666666666666 0.71 0.37533333333333335 0.7233333333333334