0 0.14849428868120457 0.10316164464895354 0.2720664589823468 0.05788926822027609
0 0.4766355140186916 0.10835683538667062 0.3260643821391485 0.06827964969571025
0 0.7975077881619937 0.17515214487160458 0.31568016614745587 0.050467567166394535
0 0.8234683281412254 0.10835683538667062 0.3052959501557632 0.0445302063232893
0 0.24091381100726894 0.23229924298649252 0.3987538940809969 0.05492058779872347
0 0.3229491173416407 0.17218346445005195 0.38006230529595014 0.0445302063232893
0 0.2232606438213915 0.44678640344366927 0.3343717549325026 0.03562416505863144
0 0.18587746625129803 0.39335015585572214 0.26791277258566976 0.03562416505863144
0 0.205607476635514 0.33991390826777496 0.3364485981308411 0.026718123793973578
0 0.19937694704049844 0.28870417099599227 0.29075804776739356 0.028202464004749888
0 0.3541017653167186 0.6137746771560042 0.6334371754932503 0.04007718569096037
3 0.18483904465212878 0.5566275790411163 0.31983385254413293 0.047498886744841914
0 0.20041536863966772 0.5098708624016625 0.3094496365524403 0.034139824847855126
0 0.308411214953271 0.7896689921329969 0.5711318795430945 0.0445302063232893
0 0.1703011422637591 0.7443966157043195 0.2533748701973001 0.01929642274009203
0 0.15991692627206647 0.6991242392756419 0.2533748701973001 0.02078076295086834
0 0.18276220145379024 0.6501410123200237 0.27414330218068533 0.03562416505863144
0 0.2232606438213915 0.9291969719459701 0.363447559709242 0.029686804215526198
0 0.2284527518172378 0.8854089357280689 0.37383177570093457 0.028202464004749888
0 0.21079958463136034 0.8423630696155558 0.34683281412253375 0.034139824847855126
0 0.7829698857736241 0.9373608431052397 0.34890965732087226 0.03117114442630251
0 0.7684319833852544 0.8683390233041413 0.3904465212876428 0.050467567166394535
0 0.7798546209761164 0.8245509870862402 0.37590861889927313 0.04007718569096037
0 0.794392523364486 0.780762950868339 0.38006230529595014 0.029686804215526198
0 0.7850467289719626 0.7251001929642275 0.3530633437175493 0.04898322695561823
0 0.7050882658359294 0.6827964969571025 0.5212876427829699 0.050467567166394535
0 0.8047767393561787 0.6412349710553659 0.3343717549325026 0.0445302063232893
0 0.7040498442367601 0.5618227697788333 0.5441329179646937 0.08163871159269705
0 0.6998961578400831 0.4764732076591955 0.5856697819314641 0.08312305180347336
0 0.8431983385254413 0.4170995992281431 0.25752855659397716 0.059373608431052396
0 0.7128764278296988 0.37331156301024193 0.5742471443406023 0.05195190737717085
0 0.7751817237798546 0.3005788926822028 0.44963655244029077 0.06976398990648656
0 0.8187954309449637 0.24417396467270297 0.3624091381100727 0.034139824847855126