3 0.729068673565381 0.05496688741721854 0.4835371589840075 0.10993377483443709
3 0.7394167450611477 0.22317880794701986 0.46754468485418627 0.1337748344370861
3 0.7436500470366886 0.37284768211920527 0.4760112888052681 0.17483443708609273
3 0.7469426152398871 0.5357615894039736 0.47318908748824084 0.1271523178807947
3 0.7431796801505174 0.713907284768212 0.4619002822201317 0.15894039735099338
3 0.7516462841015993 0.8980132450331125 0.46378174976481656 0.1152317880794702
3 0.2464722483537159 0.23841059602649006 0.4684854186265287 0.14437086092715232
3 0.24459078080903104 0.39602649006622515 0.4703668861712135 0.13774834437086092
3 0.24459078080903104 0.5324503311258278 0.47695202257761055 0.10596026490066225
3 0.24082784571966134 0.7271523178807947 0.4816556914393227 0.17086092715231788
3 0.2464722483537159 0.8860927152317881 0.4929444967074318 0.13245033112582782