3 0.046153846153846156 0.1643835616438356 0.046153846153846156 0.4520547945205479 0.051923076923076926 0.4537671232876712 0.06923076923076923 0.4417808219178082 0.0673076923076923 0.24143835616438356 0.075 0.13184931506849315 0.05961538461538462 0.1386986301369863
3 0.19615384615384615 0.16267123287671234 0.19230769230769232 0.21232876712328766 0.20192307692307693 0.3732876712328767 0.21153846153846154 0.4195205479452055 0.2076923076923077 0.4349315068493151 0.21346153846153845 0.4486301369863014 0.22115384615384615 0.4503424657534247 0.23076923076923078 0.3921232876712329 0.23076923076923078 0.20376712328767124 0.2403846153846154 0.1660958904109589 0.22692307692307692 0.136986301369863 0.21153846153846154 0.1404109589041096
3 0.3730769230769231 0.17123287671232876 0.3730769230769231 0.2243150684931507 0.40576923076923077 0.3082191780821918 0.40192307692307694 0.3784246575342466 0.37884615384615383 0.4452054794520548 0.40576923076923077 0.4537671232876712 0.4326923076923077 0.3321917808219178 0.4288461538461538 0.2208904109589041 0.4153846153846154 0.1660958904109589 0.3942307692307692 0.13356164383561644
3 0.551923076923077 0.1780821917808219 0.551923076923077 0.24143835616438356 0.5711538461538461 0.3921232876712329 0.5692307692307692 0.4195205479452055 0.5461538461538461 0.4383561643835616 0.5461538461538461 0.4520547945205479 0.5653846153846154 0.4554794520547945 0.5846153846153846 0.4349315068493151 0.5903846153846154 0.4006849315068493 0.5788461538461539 0.2821061643835616 0.5865384615384616 0.1404109589041096 0.5615384615384615 0.1523972602739726
3 0.7173076923076923 0.19006849315068494 0.7153846153846154 0.24486301369863014 0.7288461538461538 0.339041095890411 0.7288461538461538 0.4160958904109589 0.7192307692307692 0.4417808219178082 0.7423076923076923 0.4554794520547945 0.7480769230769231 0.3938356164383562 0.7307692307692307 0.2534246575342466 0.7461538461538462 0.1558219178082192 0.7346153846153847 0.1386986301369863
3 0.8615384615384616 0.1815068493150685 0.8615384615384616 0.3767123287671233 0.8711538461538462 0.4041095890410959 0.8653846153846154 0.4503424657534247 0.8865384615384615 0.4589041095890411 0.8961538461538462 0.4503424657534247 0.8980769230769231 0.2363013698630137 0.9307692307692308 0.1386986301369863 0.9153846153846154 0.136986301369863 0.8846153846153846 0.14897260273972604
3 0.046153846153846156 0.5787671232876712 0.04423076923076923 0.8013698630136986 0.057692307692307696 0.8544520547945206 0.05576923076923077 0.8886986301369864 0.07307692307692308 0.8938356164383562 0.08076923076923077 0.886986301369863 0.07884615384615384 0.648972602739726 0.09423076923076923 0.5907534246575342
3 0.20576923076923076 0.589041095890411 0.20961538461538462 0.672945205479452 0.24615384615384617 0.7996575342465754 0.2423076923076923 0.8818493150684932 0.26153846153846155 0.8955479452054794 0.275 0.8835616438356164 0.27692307692307694 0.8647260273972602 0.27692307692307694 0.5787671232876712 0.20961538461538462 0.577054794520548
3 0.38653846153846155 0.6215753424657534 0.38461538461538464 0.6643835616438356 0.40192307692307694 0.7756849315068494 0.41923076923076924 0.8082191780821918 0.4076923076923077 0.8544520547945206 0.38846153846153847 0.8715753424657534 0.40192307692307694 0.8904109589041096 0.4153846153846154 0.8938356164383562 0.4403846153846154 0.8356164383561644 0.4423076923076923 0.7825342465753424 0.4288461538461538 0.660958904109589 0.4115384615384615 0.5787671232876712 0.4 0.5873287671232876
3 0.5480769230769231 0.5941780821917808 0.5461538461538461 0.6541095890410958 0.5711538461538461 0.7962328767123288 0.6 0.797945205479452 0.6096153846153847 0.7003424657534246 0.6038461538461538 0.6095890410958904 0.6134615384615385 0.6061643835616438 0.6134615384615385 0.5924657534246576 0.5576923076923077 0.583904109589041
3 0.7365384615384616 0.6301369863013698 0.7365384615384616 0.7328767123287672 0.7557692307692307 0.8458904109589042 0.7346153846153847 0.8818493150684932 0.7576923076923077 0.898972602739726 0.7730769230769231 0.863013698630137 0.7730769230769231 0.7448630136986302 0.75 0.5873287671232876
3 0.8730769230769231 0.5941780821917808 0.8653846153846154 0.5993150684931506 0.8826923076923077 0.6078767123287672 0.9 0.7808219178082192 0.8903846153846153 0.8955479452054794 0.9134615384615384 0.9006849315068494 0.9192307692307692 0.8921232876712328 0.9115384615384615 0.8835616438356164 0.9230769230769231 0.8732876712328768 0.926923076923077 0.6472602739726028 0.9153846153846154 0.6095890410958904 0.8961538461538462 0.5958904109589042