3 0.7685714285714286 0.1977077363896848 0.41285714285714287 0.12034383954154727
3 0.7664285714285715 0.32951289398280803 0.41285714285714287 0.1017191977077364
3 0.7471428571428571 0.4799426934097421 0.4657142857142857 0.08166189111747851
3 0.7842857142857143 0.6489971346704871 0.42857142857142855 0.09742120343839542
3 0.7814285714285715 0.7757879656160458 0.35428571428571426 0.11604584527220631
3 0.7621428571428571 0.9212034383954155 0.4257142857142857 0.10315186246418338
3 0.215 0.8997134670487106 0.43 0.14613180515759314
3 0.23642857142857143 0.7736389684813754 0.4057142857142857 0.12750716332378223
3 0.23 0.6217765042979942 0.4185714285714286 0.10315186246418338
3 0.23785714285714285 0.5007163323782235 0.3942857142857143 0.09742120343839542
3 0.22357142857142856 0.34885386819484243 0.3942857142857143 0.07306590257879657
3 0.25 0.19555873925501432 0.4114285714285714 0.0830945558739255