3 0.090625 0.1921921921921922 0.05125 0.3843843843843844
3 0.316875 0.18468468468468469 0.04625 0.36936936936936937
3 0.390625 0.18093093093093093 0.05125 0.36186186186186187
3 0.49125 0.20045045045045046 0.0575 0.3858858858858859
3 0.59625 0.17642642642642642 0.045 0.35285285285285284
3 0.133125 0.5690690690690691 0.06625 0.5555555555555556
3 0.19375 0.5465465465465466 0.0425 0.4924924924924925
3 0.244375 0.5397897897897898 0.06125 0.49099099099099097
3 0.295 0.5638138138138138 0.0675 0.481981981981982
3 0.33125 0.527027027027027 0.07 0.4624624624624625
3 0.37875 0.5255255255255256 0.0575 0.43543543543543545
3 0.424375 0.5097597597597597 0.02875 0.42492492492492495
3 0.48375 0.6516516516516516 0.0825 0.37537537537537535
3 0.569375 0.5555555555555556 0.06375 0.5135135135135135