2 0.4390625 0.371875 0.4375 0.3828125 0.4609375 0.409375 0.4734375 0.4515625 0.4703125 0.4796875 0.440625 0.496875 0.453125 0.50625 0.4484375 0.5515625 0.4515625 0.6484375 0.4703125 0.70625 0.5015625 0.7625 0.53125 0.79375 0.5484375 0.8015625 0.553125 0.7875 0.53125 0.640625 0.528125 0.4875 0.521875 0.4515625 0.5125 0.415625 0.4890625 0.36875 0.4640625 0.3609375
2 0.5328125 0.3640625 0.53125 0.384375 0.559375 0.421875 0.575 0.4625 0.5703125 0.4890625 0.546875 0.5046875 0.5734375 0.515625 0.575 0.646875 0.5859375 0.6953125 0.596875 0.7265625 0.628125 0.7796875 0.675 0.8171875 0.6796875 0.8125 0.6515625 0.6484375 0.6390625 0.503125 0.625 0.4390625 0.6125 0.4234375 0.60625 0.3984375 0.578125 0.359375 0.5515625 0.35625
2 0.65625 0.503125 0.6546875 0.5265625 0.6734375 0.5375 0.7265625 0.49375 0.778125 0.4609375 0.8203125 0.44375 0.8453125 0.4515625 0.8453125 0.44375 0.85625 0.434375 0.9703125 0.38125 0.99375 0.3625 0.9953125 0.3375 0.840625 0.40625 0.8 0.4171875
2 0.4734375 0.3515625 0.4703125 0.3609375 0.5015625 0.3734375 0.528125 0.3484375 0.590625 0.315625 0.646875 0.309375 0.7609375 0.25625 0.8171875 0.209375 0.80625 0.20625 0.60625 0.2796875
2 0.403125 0.2859375 0.4 0.2953125 0.40625 0.30625 0.4296875 0.315625 0.5015625 0.2671875 0.5546875 0.24375 0.571875 0.246875 0.6109375 0.2328125 0.6765625 0.203125 0.7359375 0.165625 0.7484375 0.1515625 0.5203125 0.228125
2 0.3421875 0.2359375 0.3359375 0.2421875 0.340625 0.2578125 0.3625 0.2625 0.434375 0.2203125 0.4640625 0.2078125 0.5046875 0.203125 0.5390625 0.1796875 0.60625 0.1578125 0.646875 0.1234375 0.621875 0.1234375 0.4953125 0.1765625 0.46875 0.1796875
2 0.296875 0.1921875 0.290625 0.1984375 0.2953125 0.2125 0.3046875 0.2203125 0.3203125 0.2203125 0.36875 0.184375 0.4234375 0.1609375 0.4546875 0.1609375 0.459375 0.15 0.58125 0.103125 0.6015625 0.078125 0.584375 0.078125 0.4421875 0.1359375 0.41875 0.1359375
2 0.25 0.153125 0.2484375 0.16875 0.2671875 0.1796875 0.378125 0.121875 0.490625 0.084375 0.5234375 0.06875 0.5453125 0.0484375 0.4703125 0.0671875 0.3875 0.1 0.3609375 0.103125
2 0.1921875 0.1171875 0.1890625 0.1234375 0.196875 0.134375 0.209375 0.1390625 0.290625 0.09375 0.325 0.084375 0.35625 0.0859375 0.3609375 0.0734375 0.4859375 0.028125 0.49375 0.0140625 0.459375 0.0203125 0.3359375 0.0640625 0.3109375 0.065625
2 0.153125 0.08125 0.15 0.0890625 0.1578125 0.0984375 0.175 0.1 0.4203125 0 0.38125 0 0.2890625 0.0328125 0.278125 0.028125 0.2453125 0.0359375
2 0.5421875 0.8546875 0.540625 0.8875 0.5578125 0.8890625 0.68125 0.8234375 0.7640625 0.7546875 0.784375 0.721875 0.7859375 0.709375 0.5515625 0.8375
2 0.0171875 0.565625 0.0109375 0.5796875 0.0140625 0.590625 0.0234375 0.5953125 0.05 0.5921875 0.0890625 0.5625 0.184375 0.5140625 0.2 0.5078125 0.2296875 0.5078125 0.390625 0.4375 0.4328125 0.3921875 0.365625 0.409375 0.3078125 0.4375 0.128125 0.5046875
2 0.003125 0.475 0 0.515625 0.009375 0.515625 0.05625 0.4828125 0.115625 0.4546875 0.15625 0.440625 0.16875 0.44375 0.2015625 0.425 0.3140625 0.38125 0.3578125 0.3546875 0.36875 0.3453125 0.371875 0.3328125 0.1421875 0.4125
2 0.04375 0.36875 0 0.390625 0 0.4234375 0.084375 0.38125 0.259375 0.31875 0.30625 0.290625 0.3203125 0.2703125 0.0890625 0.3484375
2 0.0328125 0.3015625 0 0.315625 0 0.34375 0.0546875 0.3203125 0.071875 0.325 0.0953125 0.3078125 0.2125 0.2671875 0.25625 0.2390625 0.2640625 0.2234375 0.1859375 0.2484375 0.0765625 0.29375
2 0.09375 0.2203125 0.015625 0.246875 0.0171875 0.259375 0.028125 0.265625 0.04375 0.2640625 0.1078125 0.240625 0.19375 0.20625 0.2125 0.1953125 0.2171875 0.184375
2 0.08125 0.6609375 0.0765625 0.6703125 0.0796875 0.68125 0.0953125 0.690625 0.1140625 0.6890625 0.1515625 0.6484375 0.2265625 0.6015625 0.2625 0.584375 0.290625 0.5828125 0.3578125 0.55 0.42901249999999996 0.5141734375 0.46856406249999993 0.479609375 0.4696328125 0.46215 0.3609375 0.50625 0.2140625 0.571875 0.11875 0.6296875