3 0.5535714285714286 0.32007575757575757 0.5521978021978022 0.32575757575757575 0.5659340659340659 0.32954545454545453 0.6401098901098901 0.3333333333333333 0.7087912087912088 0.32859848484848486 0.7925824175824175 0.3153409090909091 0.929945054945055 0.3191287878787879 0.9326923076923077 0.3087121212121212 0.9258241758241759 0.3001893939393939 0.5782967032967034 0.2869318181818182 0.570054945054945 0.29071969696969696
3 0.07280219780219781 0.16477272727272727 0.12912087912087913 0.17708333333333334 0.17994505494505494 0.18087121212121213 0.27472527472527475 0.17992424242424243 0.4088832417582417 0.16856060606060605 0.43543956043956045 0.1856060606060606 0.44642857142857145 0.1875 0.4642857142857143 0.18181818181818182 0.47527472527472525 0.16761363636363635 0.43543956043956045 0.1543560606060606 0.33104395604395603 0.15151515151515152 0.17857142857142858 0.1543560606060606
3 0.5357142857142857 0.1856060606060606 0.5357142857142857 0.20833333333333334 0.5412087912087912 0.21496212121212122 0.5480769230769231 0.21496212121212122 0.5563186813186813 0.20454545454545456 0.9175824175824175 0.17518939393939395 0.929945054945055 0.16193181818181818 0.9326923076923077 0.14962121212121213 0.9148351648351648 0.14678030303030304 0.5837912087912088 0.1553030303030303 0.5563186813186813 0.16382575757575757
3 0.07417582417582418 0.2897727272727273 0.0782967032967033 0.30303030303030304 0.09340659340659341 0.3134469696969697 0.13873626373626374 0.3229166666666667 0.4725274725274725 0.3210227272727273 0.4793956043956044 0.3143939393939394 0.47802197802197804 0.29829545454545453 0.46703296703296704 0.29450757575757575 0.22664835164835165 0.29640151515151514
3 0.06868131868131869 0.7215909090909091 0.07142857142857142 0.7272727272727273 0.09615384615384616 0.7357954545454546 0.17582417582417584 0.7509469696969697 0.2184065934065934 0.7547348484848485 0.29532967032967034 0.7556818181818182 0.3475274725274725 0.7443181818181818 0.36538461538461536 0.7471590909090909 0.375 0.740530303030303 0.4368131868131868 0.7348484848484849 0.45467032967032966 0.7348484848484849 0.47527472527472525 0.7414772727272727 0.489010989010989 0.7509469696969697 0.4876373626373626 0.759469696969697 0.49725274725274726 0.7518939393939394 0.48214285714285715 0.7111742424242424 0.44505494505494503 0.7111742424242424 0.3791208791208791 0.71875 0.3489010989010989 0.7159090909090909 0.3131868131868132 0.7272727272727273 0.260989010989011 0.728219696969697 0.21016483516483517 0.7234848484848485 0.11675824175824176 0.7035984848484849
3 0.07417582417582418 0.42992424242424243 0.07280219780219781 0.4393939393939394 0.08379120879120878 0.45359848484848486 0.11950549450549451 0.4602272727272727 0.20192307692307693 0.4583333333333333 0.39972527472527475 0.4403409090909091 0.43956043956043955 0.44696969696969696 0.44505494505494503 0.4564393939393939 0.45604395604395603 0.4602272727272727 0.4684065934065934 0.4583333333333333 0.47527472527472525 0.45075757575757575 0.4725274725274725 0.4393939393939394 0.46291208791208793 0.4308712121212121 0.41620879120879123 0.42234848484848486 0.3021978021978022 0.4337121212121212 0.21387362637362636 0.4375 0.12362637362637363 0.4356060606060606
3 0.08516483516483517 0.5681818181818182 0.07967032967032966 0.5757575757575758 0.10302197802197802 0.5909090909090909 0.12774725274725274 0.5965909090909091 0.16483516483516483 0.5975378787878788 0.37774725274725274 0.5909090909090909 0.41346153846153844 0.584280303030303 0.45879120879120877 0.5871212121212122 0.4766483516483517 0.5643939393939394 0.47115384615384615 0.5520833333333334 0.4519230769230769 0.5445075757575758 0.4024725274725275 0.5426136363636364 0.3695054945054945 0.5625 0.3475274725274725 0.5643939393939394 0.17857142857142858 0.5653409090909091 0.11538461538461539 0.5596590909090909
3 0.4107142857142857 0.8768939393939394 0.3090659340659341 0.8854166666666666 0.32142857142857145 0.8948863636363636 0.3475274725274725 0.9043560606060606 0.4065934065934066 0.9147727272727273 0.5782967032967034 0.9109848484848485 0.6304945054945055 0.8986742424242424 0.6978021978021978 0.9147727272727273 0.7046703296703297 0.9270833333333334 0.7142857142857143 0.9299242424242424 0.7376373626373627 0.9232954545454546 0.75 0.9119318181818182 0.7403846153846154 0.9024621212121212 0.7046703296703297 0.8901515151515151 0.6318681318681318 0.8759469696969697
3 0.5686813186813187 0.7357954545454546 0.5631868131868132 0.7395833333333334 0.5673076923076923 0.7424242424242424 0.592032967032967 0.7452651515151515 0.6263736263736264 0.7443181818181818 0.6538461538461539 0.7376893939393939 0.8873626373626373 0.7443181818181818 0.8997252747252747 0.7215909090909091 0.7994505494505495 0.7054924242424242 0.6936813186813187 0.7007575757575758 0.6222527472527473 0.7149621212121212
3 0.5535714285714286 0.4479166666666667 0.5521978021978022 0.45549242424242425 0.5631868131868132 0.45738636363636365 0.8214285714285714 0.4498106060606061 0.8379120879120879 0.44886363636363635 0.8585164835164835 0.4403409090909091 0.9093406593406593 0.4403409090909091 0.9162087912087912 0.4375 0.9189560439560439 0.4270833333333333 0.9107142857142857 0.42140151515151514 0.8983516483516484 0.42045454545454547 0.8173076923076923 0.42613636363636365 0.6208791208791209 0.4289772727272727 0.5673076923076923 0.42045454545454547
3 0.5521978021978022 0.540719696969697 0.5521978021978022 0.5539772727272727 0.5631868131868132 0.5710227272727273 0.5810439560439561 0.5823863636363636 0.6085164835164835 0.5880681818181818 0.7870879120879121 0.5861742424242424 0.8324175824175825 0.5804924242424242 0.8846153846153846 0.5823863636363636 0.896978021978022 0.5738636363636364 0.8928571428571429 0.5634469696969697 0.8818681318681318 0.5606060606060606 0.6538461538461539 0.5615530303030303