4 0.54052734375 0.203125 0.216796875 0.40625
4 0.52685546875 0.24479166666666666 0.1572265625 0.4895833333333333
4 0.396484375 0.20638020833333334 0.18359375 0.3802083333333333
4 0.30859375 0.20572916666666666 0.2509765625 0.3177083333333333
4 0.2568359375 0.2779947916666667 0.2958984375 0.1796875
4 0.21826171875 0.6438802083333334 0.2080078125 0.4947916666666667
4 0.21484375 0.55078125 0.23828125 0.4205729166666667
4 0.1962890625 0.5032552083333334 0.2734375 0.4166666666666667
4 0.181640625 0.3860677083333333 0.34375 0.2721354166666667
4 0.28173828125 0.6979166666666666 0.2119140625 0.49609375
4 0.337890625 0.7005208333333334 0.1875 0.5091145833333334
4 0.40087890625 0.720703125 0.0986328125 0.4947916666666667
4 0.56005859375 0.6731770833333334 0.271484375 0.4440104166666667
4 0.64892578125 0.6419270833333334 0.2841796875 0.4153645833333333
4 0.71923828125 0.626953125 0.31640625 0.3346354166666667
4 0.78955078125 0.5794270833333334 0.3740234375 0.2903645833333333
4 0.7568359375 0.3776041666666667 0.287109375 0.2630208333333333
4 0.73095703125 0.23307291666666666 0.28515625 0.35546875
4 0.65576171875 0.22526041666666666 0.2138671875 0.4127604166666667
4 0.513671875 0.24739583333333334 0.1201171875 0.4895833333333333