3 0.4605128205128204 0.9799999999999998 0.7456410256410257 0.7615384615384616 0.8430769230769231 0.7215384615384617 0.8041025641025641 0.7984615384615384 0.5435897435897437 1 0.48 1
3 0.5558974358974359 0.6876923076923076 0.8420512820512822 0.4430769230769231 0.9723076923076922 0.356923076923077 0.9610256410256409 0.43846153846153846 0.7435897435897436 0.6061538461538462 0.6112820512820513 0.7323076923076923 0.5692307692307692 0.7861538461538462 0.5487179487179488 0.7215384615384616
3 0.5353846153846155 0.8415384615384616 0.7158974358974357 0.6138461538461539 0.9784615384615384 0.4153846153846156 0.9661538461538464 0.4769230769230771 0.8317948717948719 0.6076923076923079 0.7702564102564105 0.6984615384615386
3 0.5435897435897438 0.6215384615384616 0.8738461538461538 0.38153846153846155 0.9312820512820511 0.37076923076923074 0.8071794871794873 0.48923076923076925 0.7056410256410258 0.5738461538461538 0.5743589743589745 0.6938461538461538 0.5405128205128203 0.6953846153846154
3 0.41948717948717945 0.19999999999999998 0.7425641025641025 0 0.7866666666666666 0.009230769230769226 0.7846153846153846 0.040000000000000015 0.716923076923077 0.09384615384615386 0.5948717948717949 0.1630769230769231 0.48410256410256414 0.25846153846153846 0.47282051282051285 0.28615384615384615 0.4420512820512821 0.2953846153846153 0.4194871794871795 0.22307692307692312
3 0.3999999999999999 0.07384615384615384 0.6492307692307692 0 0.5630769230769231 0.06769230769230769 0.4861538461538462 0.12769230769230763 0.4266666666666667 0.16615384615384618 0.4 0.16153846153846155
3 0.5117948717948719 0.42769230769230765 0.524102564102564 0.3661538461538461 0.5866666666666667 0.33384615384615385 0.7856410256410256 0.24461538461538465 0.9066666666666666 0.17076923076923073 0.9148717948717949 0.11846153846153845 0.8707692307692307 0.10461538461538464 0.5846153846153846 0.27384615384615385 0.4964102564102565 0.3138461538461539 0.4625641025641027 0.3369230769230769 0.4553846153846154 0.3615384615384615 0.48512820512820526 0.41999999999999993
3 0.5558974358974359 0.5846153846153845 0.8574358974358973 0.3723076923076924 0.9261538461538463 0.30461538461538457 0.8851282051282051 0.2784615384615385 0.8010256410256411 0.32923076923076927 0.5887179487179487 0.47076923076923083 0.5446153846153846 0.5476923076923077 0.5323076923076924 0.5769230769230769
3 0.4984615384615385 0.47538461538461535 0.5476923076923078 0.38307692307692304 0.805128205128205 0.22923076923076924 0.8564102564102564 0.21076923076923082 0.8420512820512821 0.2615384615384616 0.7056410256410257 0.3630769230769231 0.6317948717948717 0.416923076923077 0.5753846153846154 0.4815384615384615 0.5117948717948719 0.5169230769230769
3 0.48307692307692307 0.26461538461538464 0.6174358974358974 0.1769230769230769 0.7805128205128204 0.1307692307692308 0.8564102564102564 0.12 0.7435897435897436 0.1953846153846154 0.6328205128205129 0.24461538461538465 0.5517948717948717 0.3 0.4923076923076924 0.34153846153846157 0.48410256410256414 0.31846153846153846
3 0.018461538461538453 0.9953846153846154 0.35179487179487184 0.7138461538461538 0.5005128205128205 0.5846153846153846 0.5271794871794871 0.6615384615384615 0.362051282051282 0.7953846153846154 0.2594871794871794 0.9215384615384615 0.16717948717948714 1 0.10153846153846151 1 0.05435897435897436 1
3 0.013333333333333334 0.803076923076923 0.15384615384615385 0.6553846153846155 0.38256410256410256 0.4815384615384615 0.4646153846153846 0.44769230769230783 0.4933333333333332 0.4723076923076925 0.3928205128205127 0.5861538461538462 0.22871794871794865 0.7153846153846155 0.1158974358974358 0.8415384615384616 0 0.9399999999999998
3 0.004102564102564088 0.2800000000000001 0.3497435897435897 0.10153846153846158 0.3384615384615384 0.16923076923076924 0.16102564102564104 0.2784615384615384 0.08205128205128207 0.3353846153846153 0.035897435897435874 0.34153846153846157 0 0.3169230769230769