0 0.21411764705882352 0.08424242424242424 0.33647058823529413 0.07757575757575758
0 0.18980392156862744 0.20606060606060606 0.3207843137254902 0.09090909090909091
0 0.1868627450980392 0.32212121212121214 0.29333333333333333 0.10484848484848484
0 0.17313725490196077 0.42424242424242425 0.27568627450980393 0.07878787878787878
3 0.17549019607843136 0.553030303030303 0.2803921568627451 0.08787878787878788
0 0.22745098039215686 0.6842424242424242 0.42549019607843136 0.07151515151515152
0 0.2319607843137255 0.8418181818181818 0.4423529411764706 0.059393939393939395
3 0.4976470588235294 0.1803030303030303 0.07176470588235294 0.3151515151515151
3 0.5045098039215686 0.66 0.06784313725490196 0.3618181818181818
0 0.7323529411764705 0.9090909090909091 0.49019607843137253 0.05757575757575758
0 0.7964705882352942 0.8045454545454546 0.343921568627451 0.10303030303030303
0 0.8362745098039216 0.6948484848484848 0.27647058823529413 0.07454545454545454
3 0.8313725490196079 0.5893939393939394 0.24313725490196078 0.09090909090909091
3 0.8456862745098039 0.49333333333333335 0.28352941176470586 0.09575757575757576
3 0.8613725490196078 0.38575757575757574 0.25372549019607843 0.059393939393939395
0 0.8133333333333334 0.27575757575757576 0.32666666666666666 0.09696969696969697
0 0.8009803921568628 0.18878787878787878 0.36470588235294116 0.062424242424242424
0 0.7990196078431373 0.08878787878787879 0.3627450980392157 0.06848484848484848