4 0.490853820398535 0.9069263102631878 0.35827025546495705 0.7768563286340862 0.3735910229683928 0.6164960773105364 0.39126883162620313 0.517607255661014 0.3930366124919841 0.45079048427620133 0.37123398181401807 0.4864260956814347 0.3394139262299593 0.5977873813227889 0.28814828112230917 0.7376571560883296 0.34177096738433405 0.8828722725646553 0.4755330528950993 0.9389983605278978
4 0.7253794152588193 0.7376571560883297 0.5798321239761804 0.9104898714037111 0.44017743557947847 0.8801996017092627 0.36121655690792537 0.7634929743571237 0.36357359806230016 0.628968541302368 0.39362587278057787 0.5728424533391254 0.3953936536463589 0.4810807539706497 0.41483924316995036 0.484644315111173 0.4213211063444808 0.532752390508238 0.4378203944251038 0.5968964910376581 0.4183748049015124 0.7046942155384887 0.48378269693541076 0.7884379023407871 0.6316870293724243 0.7741836577786937
4 0.5910280694594604 0.7581476326463387 0.5397624243518103 0.7358753755180679 0.44960560019697743 0.6868764098358722 0.45844450452588265 0.5862058076160879 0.46492636770041307 0.511371023665098 0.4513733810627584 0.4890987665368272 0.4372311341365101 0.5612608796324247 0.430160010673386 0.6467863470049846 0.41483924316995036 0.6966762029723113 0.43958817529088484 0.7768563286340862 0.5209060951168126 0.7973468051920953 0.5857247268621174 0.7652747549273854
4 0.6605607835135147 0.7483478395098996 0.5456550272377471 0.6948944224020497 0.5279772185799367 0.6031327230335738 0.5185490539624379 0.5202799265164063 0.4914430806871286 0.4650447288382948 0.48496121751259813 0.48286253454091144 0.49792494386165914 0.5666062213432096 0.490853820398535 0.6619314818522087 0.5232631362711874 0.7340935949478063 0.6092951384058646 0.7732927674935628
4 0.492621601264316 0.5514610864959855 0.492621601264316 0.49978944995839725 0.4773008337608802 0.5104801333799672 0.46256932654603833 0.6013509424633121 0.4419452164452596 0.6654950429927322 0.46905118972056886 0.7260755823816287 0.4902645601099413 0.7421116075139838 0.5774750828218057 0.7349844852329371 0.5851354665735237 0.7162757892451896 0.5597972741639955 0.7038033252533579 0.5008712453046276 0.6966762029723113 0.4802471352038487 0.6521316887157697 0.4884967792441602 0.5853149173309571
4 0.7460035253595981 0.6850946292656104 0.6693996878424198 0.7109304475344047 0.5698146990700879 0.6699494944183864 0.5480120683921218 0.5799695756201722 0.5332805611772798 0.49711677910300467 0.5150134922308758 0.46326294826803305 0.5214953554054063 0.590660259041742 0.5226738759825936 0.6191687481659288 0.5267986980027494 0.6717312749886479 0.5609757947411829 0.7073668863938812 0.6352225911039865 0.7394389366585913 0.7365753607420993 0.7251846920964979
4 0.5556724521438396 0.4365362397141081 0.5798321239761804 0.4837534248260422 0.599277713499772 0.5256252682271914 0.614009220714614 0.5781877950499105 0.6440614954328916 0.623623199591583 0.6970949214063227 0.6521316887157697 0.7524853885341284 0.6503499081455079 0.7365753607420993 0.6744039458440405 0.6870774965002302 0.6788583972696945 0.612241439848833 0.6485681275752463 0.5957421517682099 0.6191687481659288 0.5851354665735237 0.5710606727688639 0.5851354665735237 0.5389886225041538 0.5521368904122775 0.4837534248260422 0.542119465506185 0.45257226484646307
4 0.5521368904122776 0.4570267162721173 0.5715824799358691 0.5416612933595463 0.5957421517682099 0.6307503218726296 0.6546681806275779 0.6735130555589097 0.7171297712185077 0.6850946292656104 0.7194868123728826 0.7162757892451896 0.6599715232249209 0.7064759961087504 0.5892602885936793 0.6833128486953487 0.5627435756069638 0.6387683344388072 0.5462442875263408 0.5728424533391254 0.5521368904122775 0.5443339642149388 0.5267986980027495 0.457917606557248 0.5326913008886861 0.44188158142489314 0.5539046712780585 0.4579176065572481
4 0.6281514676408623 0.4757354122598648 0.7071123463124152 0.5879875881863497 0.7448250047824106 0.7002397641128346 0.8373388700916184 0.7572567423612079 0.9451735029042616 0.7572567423612079 1 0.6948944224020496 0.9764396538170753 0.6797492875548254 0.8379634859975607 0.7020215446830963 0.7690200322321001 0.6075871744592279 0.7071477019297637 0.5086983528097055 0.6405612893186781 0.46148116769777137
4 0.6257944264864875 0.4525722648464631 0.6228481250435192 0.5095892430948363 0.6358118513925801 0.5764060144796488 0.678238592171325 0.6013509424633122 0.757199470842878 0.6637132624224703 0.7748772795006883 0.6993488738277037 0.746592785648192 0.708257776679012 0.6841311950572618 0.6824219584102178 0.6010454943655529 0.5710606727688639 0.5922065900366478 0.49533499853274293 0.6010454943655529 0.44366336199515477 0.6098843986944581 0.4276273368627997
4 0.6464185365872663 0.4739536316896031 0.6552574409161716 0.5434430739298078 0.714772730064133 0.6173869675956671 0.792555088158499 0.6352047732982837 0.8137684585478714 0.6467863470049847 0.7630920737288149 0.666385933277863 0.7012197434264785 0.6441136761495921 0.6422937145671105 0.5888784784714804 0.6263836867750812 0.5167163653758832 0.6263836867750813 0.4784080831152573 0.6328655499496116 0.4561358259869864