0 0.06197916666666667 0.17005208333333333 0.10260416666666666 0.24895833333333334
0 0.16197916666666667 0.16171875 0.09739583333333333 0.27395833333333336
0 0.25026041666666665 0.16510416666666666 0.09010416666666667 0.2671875
0 0.34609375 0.1578125 0.0875 0.290625
0 0.4421875 0.16041666666666668 0.0921875 0.2713541666666667
4 0.5354166666666667 0.15625 0.09479166666666666 0.27395833333333336
0 0.6177083333333333 0.16145833333333334 0.08854166666666667 0.28020833333333334
0 0.72734375 0.16197916666666667 0.0859375 0.28489583333333335
0 0.8270833333333333 0.15572916666666667 0.09791666666666667 0.296875
0 0.9322916666666666 0.178125 0.07916666666666666 0.25833333333333336
0 0.06588541666666667 0.48463541666666665 0.07552083333333333 0.2671875
0 0.1453125 0.47578125 0.08854166666666667 0.27395833333333336
0 0.25 0.48072916666666665 0.10729166666666666 0.26666666666666666
0 0.3453125 0.47942708333333334 0.0890625 0.27760416666666665
0 0.43776041666666665 0.4864583333333333 0.11770833333333333 0.2635416666666667
0 0.54375 0.4765625 0.09739583333333333 0.2890625
0 0.6354166666666666 0.4856770833333333 0.08645833333333333 0.2760416666666667
0 0.7348958333333333 0.5018229166666667 0.090625 0.23541666666666666
0 0.8169270833333333 0.4765625 0.0984375 0.2859375
0 0.9307291666666667 0.4973958333333333 0.07604166666666666 0.23020833333333332
0 0.07552083333333333 0.80078125 0.10885416666666667 0.28177083333333336
0 0.16536458333333334 0.78828125 0.11822916666666666 0.2875
0 0.26979166666666665 0.8036458333333333 0.09791666666666667 0.259375
0 0.3645833333333333 0.7903645833333334 0.1 0.28854166666666664
0 0.465625 0.7989583333333333 0.10104166666666667 0.28802083333333334
0 0.5713541666666667 0.82734375 0.06197916666666667 0.26197916666666665
0 0.6614583333333334 0.8080729166666667 0.07916666666666666 0.26145833333333335
0 0.74609375 0.8122395833333333 0.08177083333333333 0.2869791666666667
0 0.8359375 0.8174479166666667 0.09114583333333333 0.2484375
0 0.9377604166666667 0.8111979166666666 0.07604166666666666 0.2609375