0 0.22448979591836735 0.16683168316831684 0.3945578231292517 0.030693069306930693
0 0.24693877551020407 0.12178217821782178 0.4816326530612245 0.033663366336633666
0 0.20340136054421767 0.07128712871287128 0.3795918367346939 0.03564356435643564
3 0.24693877551020407 0.31633663366336634 0.3578231292517007 0.06336633663366337
3 0.23809523809523808 0.2504950495049505 0.3673469387755102 0.062376237623762376
0 0.1945578231292517 0.20445544554455444 0.29523809523809524 0.020792079207920793
0 0.24693877551020407 0.42277227722772276 0.38095238095238093 0.02277227722772277
0 0.24489795918367346 0.3797029702970297 0.3687074829931973 0.040594059405940595
0 0.27687074829931974 0.6103960396039604 0.5034013605442177 0.05247524752475247
0 0.23333333333333334 0.552970297029703 0.40816326530612246 0.039603960396039604
0 0.2693877551020408 0.5034653465346535 0.5183673469387755 0.030693069306930693
0 0.3217687074829932 0.7133663366336633 0.6 0.03861386138613861
0 0.23537414965986395 0.6633663366336634 0.46258503401360546 0.030693069306930693
0 0.2653061224489796 0.7826732673267327 0.38231292517006804 0.0891089108910891
0 0.8931972789115646 0.49356435643564356 0.07210884353741497 0.2376237623762376
0 0.8931972789115646 0.7227722772277227 0.06394557823129252 0.21782178217821782
0 0.7666666666666667 0.7975247524752476 0.0761904761904762 0.3198019801980198
0 0.773469387755102 0.4608910891089109 0.07755102040816327 0.2861386138613861
4 0.6183673469387755 0.4178217821782178 0.18231292517006803 0.046534653465346534