3 0.3154296875 0.7268229166666667 0.04375 0.271875
3 0.2765625 0.7231770833333333 0.042578125 0.27760416666666665
3 0.2345703125 0.7296875 0.04765625 0.2760416666666667
3 0.1931640625 0.73046875 0.04375 0.27291666666666664
3 0.1443359375 0.7515625 0.051171875 0.296875
3 0.1009765625 0.7614583333333333 0.046484375 0.28177083333333336
3 0.04609375 0.765625 0.05390625 0.2984375
3 0.3376953125 0.45651041666666664 0.036328125 0.2635416666666667
3 0.305859375 0.4296875 0.048046875 0.2890625
3 0.2654296875 0.43671875 0.05 0.2984375
3 0.227734375 0.421875 0.0453125 0.3046875
3 0.1884765625 0.42265625 0.0421875 0.296875
3 0.14609375 0.42890625 0.069921875 0.31875
3 0.098046875 0.41041666666666665 0.06484375 0.33125
3 0.0498046875 0.4119791666666667 0.051171875 0.35104166666666664
3 0.01328125 0.421875 0.0265625 0.32135416666666666
3 0.29765625 0.12161458333333333 0.0390625 0.24322916666666666
3 0.260546875 0.11822916666666666 0.0328125 0.23645833333333333
3 0.2169921875 0.10598958333333333 0.033203125 0.21197916666666666
3 0.7751953125 0.23229166666666667 0.0171875 0.1796875
3 0.7873046875 0.23723958333333334 0.01953125 0.19270833333333334
3 0.755859375 0.22734375 0.026171875 0.18854166666666666
3 0.739453125 0.22708333333333333 0.030078125 0.1859375
3 0.71953125 0.21848958333333332 0.028125 0.18541666666666667
3 0.7025390625 0.21484375 0.0296875 0.1859375
3 0.6828125 0.20546875 0.023828125 0.2046875
3 0.664453125 0.19817708333333334 0.023828125 0.20260416666666667
3 0.640234375 0.18932291666666667 0.01953125 0.22604166666666667
3 0.619140625 0.18151041666666667 0.029296875 0.23020833333333332
3 0.5953125 0.17317708333333334 0.030859375 0.23697916666666666
3 0.5720703125 0.17682291666666666 0.03515625 0.20520833333333333
3 0.553125 0.16223958333333333 0.0234375 0.20208333333333334
3 0.762890625 0.4309895833333333 0.028515625 0.15677083333333333
3 0.7451171875 0.4278645833333333 0.01875 0.1265625
3 0.7283203125 0.42916666666666664 0.026171875 0.14010416666666667
3 0.7115234375 0.4356770833333333 0.02421875 0.12864583333333332
3 0.68828125 0.43020833333333336 0.024609375 0.14010416666666667
3 0.6689453125 0.4010416666666667 0.02421875 0.08958333333333333
3 0.77578125 0.5559895833333334 0.01015625 0.10625
3 0.766015625 0.5528645833333333 0.01875 0.10208333333333333
3 0.7458984375 0.5552083333333333 0.015625 0.103125
3 0.725 0.5578125 0.016796875 0.1046875
3 0.7060546875 0.5346354166666667 0.009375 0.06145833333333333
3 0.801953125 0.5770833333333333 0.0140625 0.175
3 0.826171875 0.5640625 0.016796875 0.175
3 0.853515625 0.58046875 0.02890625 0.18229166666666666
3 0.8783203125 0.5940104166666667 0.04453125 0.19010416666666666
3 0.9 0.59453125 0.047265625 0.19322916666666667
3 0.9291015625 0.58515625 0.05 0.20104166666666667
3 0.9619140625 0.5963541666666666 0.05859375 0.20625
3 0.4876953125 0.5427083333333333 0.208984375 0.23645833333333333