3 0.739181561618062 0.055666003976143144 0.4858889934148636 0.10139165009940358
3 0.7403574788334901 0.2147117296222664 0.46425211665098776 0.10801855533465872
3 0.7420037629350894 0.3711066931742876 0.47742238946378174 0.13253810470510272
3 0.7438852304797742 0.5460569913850232 0.46001881467544686 0.1312127236580517
3 0.7415333960489181 0.7074221338634857 0.4553151458137347 0.13253810470510272
3 0.7408278457196613 0.8996023856858847 0.4703668861712135 0.07620941020543406
3 0.23400752587017873 0.8830351225977469 0.46801505174035746 0.10603048376408217
3 0.24576669802445908 0.723326706428098 0.4609595484477893 0.16434724983432736
3 0.2429444967074318 0.5559973492379059 0.4717779868297272 0.10404241219350563
3 0.25282220131702726 0.40523525513585157 0.4633113828786453 0.11795891318754141
3 0.24106302916274694 0.2345924453280318 0.45860771401693323 0.1411530815109344