0 0.09117647058823529 0.2924242424242424 0.060784313725490195 0.3575757575757576
0 0.17058823529411765 0.2924242424242424 0.06274509803921569 0.3333333333333333
0 0.2627450980392157 0.2924242424242424 0.10980392156862745 0.31212121212121213
0 0.38823529411764707 0.2909090909090909 0.09411764705882353 0.28484848484848485
0 0.49117647058823527 0.29318181818181815 0.08823529411764706 0.3196969696969697
0 0.5833333333333334 0.3 0.041176470588235294 0.30606060606060603
0 0.6705882352941176 0.296969696969697 0.08627450980392157 0.31212121212121213
0 0.7598039215686274 0.296969696969697 0.07254901960784314 0.3181818181818182
0 0.8676470588235294 0.30303030303030304 0.1 0.32727272727272727
0 0.942156862745098 0.2916666666666667 0.08823529411764706 0.29545454545454547
0 0.7333333333333333 0.7795454545454545 0.0784313725490196 0.3106060606060606
0 0.8215686274509804 0.7598484848484849 0.050980392156862744 0.33181818181818185
0 0.9156862745098039 0.7454545454545455 0.08627450980392157 0.32727272727272727
0 0.5558823529411765 0.7583333333333333 0.07647058823529412 0.31666666666666665
0 0.6372549019607843 0.7643939393939394 0.058823529411764705 0.3287878787878788
0 0.3803921568627451 0.7689393939393939 0.07450980392156863 0.30757575757575756
0 0.46176470588235297 0.7598484848484849 0.06470588235294118 0.30757575757575756
0 0.28627450980392155 0.7651515151515151 0.08627450980392157 0.32727272727272727
0 0.19215686274509805 0.75 0.07058823529411765 0.2878787878787879
0 0.08627450980392157 0.753030303030303 0.058823529411764705 0.3484848484848485