3 0.7465 0.07183098591549296 0.489 0.14084507042253522
3 0.237 0.23943661971830985 0.474 0.17887323943661973
3 0.7435 0.2267605633802817 0.471 0.12816901408450704
3 0.7415 0.3676056338028169 0.472 0.15352112676056337
3 0.248 0.39154929577464787 0.473 0.09014084507042254
3 0.747 0.5345070422535211 0.466 0.12394366197183099
3 0.244 0.5380281690140845 0.481 0.10985915492957747
3 0.74 0.706338028169014 0.456 0.14507042253521127
3 0.2395 0.7133802816901409 0.466 0.17887323943661973
3 0.749 0.8971830985915493 0.464 0.09577464788732394
3 0.2505 0.893661971830986 0.45 0.13098591549295774