2 0.1922222222222222 0.07111111111111111 0.19111111111111112 0.08444444444444445 0.19666666666666666 0.09925925925925926 0.2088888888888889 0.0874074074074074 0.22444444444444445 0.08592592592592592 0.2577777777777778 0.10962962962962963 0.25555555555555554 0.14222222222222222 0.2611111111111111 0.15851851851851853 0.2777777777777778 0.1437037037037037 0.43444444444444447 0.277037037037037 0.48 0.3022222222222222 0.5088888888888888 0.30518518518518517 0.44555555555555554 0.2311111111111111 0.4255555555555556 0.1985185185185185 0.3566666666666667 0.13777777777777778 0.34444444444444444 0.12148148148148148 0.33444444444444443 0.09037037037037036 0.31333333333333335 0.09037037037037036 0.2922222222222222 0.08 0.22444444444444445 0.02666666666666667
2 0.15555555555555556 0.1837037037037037 0.15444444444444444 0.2 0.16111111111111112 0.21037037037037037 0.21 0.22666666666666666 0.25666666666666665 0.2518518518518518 0.2677777777777778 0.2859259259259259 0.29777777777777775 0.2725925925925926 0.4077777777777778 0.3333333333333333 0.4388888888888889 0.3422222222222222 0.48333333333333334 0.3422222222222222 0.49777777777777776 0.3348148148148148 0.4166666666666667 0.2740740740740741 0.31 0.22518518518518518 0.3055555555555556 0.19703703703703704 0.28444444444444444 0.21481481481481482 0.18333333333333332 0.17037037037037037 0.16444444444444445 0.17185185185185184
2 0.08333333333333333 0.31407407407407406 0.08222222222222222 0.33925925925925926 0.09555555555555556 0.35555555555555557 0.12777777777777777 0.3496296296296296 0.1988888888888889 0.36148148148148146 0.21333333333333335 0.3674074074074074 0.21444444444444444 0.38074074074074077 0.22 0.3851851851851852 0.23666666666666666 0.37333333333333335 0.2822222222222222 0.3688888888888889 0.31 0.3762962962962963 0.3611111111111111 0.40444444444444444 0.38222222222222224 0.4074074074074074 0.43555555555555553 0.40296296296296297 0.45666666666666667 0.38814814814814813 0.45 0.37925925925925924 0.39666666666666667 0.35259259259259257 0.2511111111111111 0.32296296296296295 0.23333333333333334 0.3125925925925926 0.21 0.31407407407407406 0.10222222222222223 0.29777777777777775 0.09 0.3022222222222222
2 0.052222222222222225 0.43407407407407406 0.051111111111111114 0.4488888888888889 0.06444444444444444 0.4740740740740741 0.07888888888888888 0.4888888888888889 0.1288888888888889 0.49777777777777776 0.13777777777777778 0.49037037037037035 0.15555555555555556 0.4962962962962963 0.17333333333333334 0.4874074074074074 0.19444444444444445 0.49037037037037035 0.2011111111111111 0.48592592592592593 0.21444444444444444 0.45185185185185184 0.2311111111111111 0.45925925925925926 0.33111111111111113 0.46814814814814815 0.39222222222222225 0.46370370370370373 0.41888888888888887 0.45037037037037037 0.43555555555555553 0.43555555555555553 0.43777777777777777 0.4266666666666667 0.21222222222222223 0.39111111111111113 0.20333333333333334 0.4074074074074074 0.18 0.4148148148148148 0.11888888888888889 0.41185185185185186 0.06888888888888889 0.4414814814814815
2 0.07111111111111111 0.5985185185185186 0.0811111111111111 0.6370370370370371 0.09111111111111111 0.6459259259259259 0.3466666666666667 0.5392592592592592 0.38 0.5170370370370371 0.4066666666666667 0.4785185185185185 0.28 0.5274074074074074 0.12777777777777777 0.562962962962963
2 0.12666666666666668 0.794074074074074 0.12666666666666668 0.8044444444444444 0.13444444444444445 0.8133333333333334 0.1622222222222222 0.8014814814814815 0.19444444444444445 0.7614814814814815 0.3655555555555556 0.6133333333333333 0.4066666666666667 0.557037037037037 0.37666666666666665 0.5614814814814815 0.3477777777777778 0.5777777777777777 0.21333333333333335 0.677037037037037 0.15777777777777777 0.7318518518518519 0.14222222222222222 0.7555555555555555
2 0.17333333333333334 0.8637037037037038 0.17333333333333334 0.88 0.17777777777777778 0.8859259259259259 0.1922222222222222 0.8888888888888888 0.1988888888888889 0.8844444444444445 0.22777777777777777 0.8385185185185186 0.28 0.7911111111111111 0.3522222222222222 0.677037037037037 0.31333333333333335 0.7037037037037037 0.25333333333333335 0.762962962962963 0.21777777777777776 0.8207407407407408 0.2 0.84 0.1811111111111111 0.8503703703703703
2 0.27 0.9333333333333333 0.2677777777777778 0.9481481481481482 0.2722222222222222 0.9644444444444444 0.29444444444444445 0.9629629629629629 0.3811111111111111 0.8237037037037037 0.39555555555555555 0.7674074074074074 0.4122222222222222 0.7540740740740741 0.44222222222222224 0.6785185185185185 0.4588888888888889 0.6074074074074074 0.4588888888888889 0.5866666666666667 0.43333333333333335 0.6103703703703703 0.39666666666666667 0.6592592592592592 0.3655555555555556 0.7140740740740741 0.3611111111111111 0.7348148148148148 0.33555555555555555 0.7674074074074074 0.3233333333333333 0.7955555555555556 0.32555555555555554 0.8059259259259259 0.3211111111111111 0.8251851851851851 0.2811111111111111 0.9185185185185185
2 0.45555555555555555 0.7748148148148148 0.45222222222222225 0.8948148148148148 0.44222222222222224 0.965925925925926 0.45555555555555555 0.9792592592592593 0.47 0.9807407407407407 0.4822222222222222 0.9733333333333334 0.4866666666666667 0.8770370370370371 0.5033333333333333 0.7822222222222223 0.5044444444444445 0.6533333333333333 0.49777777777777776 0.6029629629629629 0.4922222222222222 0.6074074074074074 0.47555555555555556 0.6666666666666666 0.46555555555555556 0.7437037037037038
2 0.54 0.6637037037037037 0.5388888888888889 0.7437037037037038 0.5466666666666666 0.8962962962962963 0.5622222222222222 0.9496296296296296 0.5844444444444444 0.9688888888888889 0.59 0.9555555555555556 0.59 0.9303703703703704 0.5711111111111111 0.8192592592592592 0.5766666666666667 0.7866666666666666 0.5844444444444444 0.7733333333333333 0.5711111111111111 0.7437037037037038 0.57 0.6444444444444445 0.5633333333333334 0.6148148148148148 0.5522222222222222 0.5940740740740741
2 0.6244444444444445 0.6311111111111111 0.6244444444444445 0.677037037037037 0.6566666666666666 0.8874074074074074 0.6755555555555556 0.9718518518518519 0.6833333333333333 0.9881481481481481 0.6933333333333334 0.9896296296296296 0.6988888888888889 0.9703703703703703 0.6433333333333333 0.6444444444444445 0.63 0.6148148148148148
2 0.6588888888888889 0.6177777777777778 0.6577777777777778 0.6459259259259259 0.6833333333333333 0.7244444444444444 0.6877777777777778 0.7570370370370371 0.7444444444444445 0.8740740740740741 0.7588888888888888 0.9185185185185185 0.77 0.9244444444444444 0.7855555555555556 0.92 0.7922222222222223 0.9051851851851852 0.79 0.8874074074074074 0.78 0.8740740740740741 0.7311111111111112 0.7362962962962963 0.7144444444444444 0.717037037037037 0.6788888888888889 0.6414814814814814
2 0.7511111111111111 0.7377777777777778 0.7477777777777778 0.7407407407407407 0.7522222222222222 0.7555555555555555 0.8077777777777778 0.8696296296296296 0.86 0.9318518518518518 0.8833333333333333 0.9851851851851852 0.9033333333333333 0.9851851851851852 0.91 0.9688888888888889 0.9055555555555556 0.9511111111111111 0.88 0.9288888888888889 0.8533333333333334 0.882962962962963 0.8366666666666667 0.8414814814814815
2 0.7166666666666667 0.605925925925926 0.7122222222222222 0.605925925925926 0.7122222222222222 0.6133333333333333 0.7433333333333333 0.677037037037037 0.8411111111111111 0.8074074074074075 0.8688888888888889 0.8355555555555556 0.8922222222222222 0.8503703703703703 0.9155555555555556 0.8548148148148148 0.9211111111111111 0.8488888888888889 0.9177777777777778 0.8207407407407408 0.9033333333333333 0.794074074074074 0.8744444444444445 0.7807407407407407 0.8222222222222222 0.717037037037037 0.8166666666666667 0.7022222222222222 0.7922222222222223 0.682962962962963 0.7477777777777778 0.6296296296296297
2 0.7366666666666667 0.5525925925925926 0.7311111111111112 0.5555555555555556 0.7311111111111112 0.562962962962963 0.7588888888888888 0.5911111111111111 0.8711111111111111 0.677037037037037 0.9422222222222222 0.7155555555555555 0.9655555555555555 0.7007407407407408 0.9622222222222222 0.68 0.7544444444444445 0.5555555555555556
2 0.7511111111111111 0.5185185185185185 0.7477777777777778 0.52 0.75 0.5274074074074074 0.7811111111111111 0.5407407407407407 0.8666666666666667 0.5614814814814815 0.94 0.5644444444444444 0.9533333333333334 0.56 0.9611111111111111 0.5451851851851852 0.9566666666666667 0.5288888888888889 0.8766666666666667 0.5333333333333333 0.7788888888888889 0.5170370370370371
2 0.7366666666666667 0.45037037037037037 0.7355555555555555 0.45925925925925926 0.8333333333333334 0.49333333333333335 0.8466666666666667 0.48 0.9544444444444444 0.4785185185185185 0.9655555555555555 0.45925925925925926 0.9544444444444444 0.43703703703703706 0.93 0.4488888888888889 0.84 0.4414814814814815 0.8322222222222222 0.42814814814814817 0.8255555555555556 0.4311111111111111 0.8255555555555556 0.44 0.8022222222222222 0.4488888888888889 0.7477777777777778 0.44592592592592595
2 0.7333333333333333 0.38074074074074077 0.7344444444444445 0.38814814814814813 0.7588888888888888 0.4 0.83 0.4162962962962963 0.9177777777777778 0.4074074074074074 0.9266666666666666 0.40296296296296297 0.9322222222222222 0.38814814814814813 0.9311111111111111 0.38074074074074077 0.9188888888888889 0.3718518518518519 0.8933333333333333 0.37037037037037035 0.8677777777777778 0.37925925925925924 0.85 0.3762962962962963 0.8333333333333334 0.36444444444444446
2 0.7588888888888888 0.3333333333333333 0.7511111111111111 0.3451851851851852 0.7544444444444445 0.3496296296296296 0.8377777777777777 0.3422222222222222 0.9044444444444445 0.3037037037037037 0.9122222222222223 0.2948148148148148 0.9177777777777778 0.26814814814814814 0.9022222222222223 0.2637037037037037 0.8255555555555556 0.2874074074074074 0.8166666666666667 0.3037037037037037 0.7822222222222223 0.31555555555555553
2 0.7255555555555555 0.2948148148148148 0.7266666666666667 0.30518518518518517 0.7388888888888889 0.30518518518518517 0.81 0.27111111111111114 0.8411111111111111 0.24296296296296296 0.8566666666666667 0.22074074074074074 0.8611111111111112 0.20296296296296296 0.8488888888888889 0.18962962962962962 0.8333333333333334 0.18962962962962962
2 0.7688888888888888 0.20296296296296296 0.7711111111111111 0.2074074074074074 0.7877777777777778 0.19703703703703704 0.8255555555555556 0.16296296296296298 0.8411111111111111 0.13185185185185186 0.8611111111111112 0.11259259259259259 0.8622222222222222 0.09925925925925926 0.8455555555555555 0.0962962962962963 0.8344444444444444 0.11851851851851852 0.8088888888888889 0.13777777777777778 0.7877777777777778 0.16592592592592592
2 0.7044444444444444 0.2607407407407407 0.7044444444444444 0.28 0.7322222222222222 0.24592592592592594 0.7388888888888889 0.22814814814814816 0.7511111111111111 0.21777777777777776 0.7755555555555556 0.16148148148148148 0.7911111111111111 0.13777777777777778 0.7877777777777778 0.12444444444444444 0.7688888888888888 0.11851851851851852
2 0.6755555555555556 0.2237037037037037 0.6733333333333333 0.25333333333333335 0.6977777777777778 0.22666666666666666 0.7255555555555555 0.16444444444444445 0.7355555555555555 0.1288888888888889 0.7322222222222222 0.10222222222222223 0.7244444444444444 0.1037037037037037 0.7177777777777777 0.11407407407407408
2 0.6455555555555555 0.1985185185185185 0.6444444444444445 0.2311111111111111 0.6677777777777778 0.1925925925925926 0.6811111111111111 0.13777777777777778 0.6844444444444444 0.0962962962962963 0.6711111111111111 0.07703703703703704 0.6644444444444444 0.09037037037037036 0.6655555555555556 0.12703703703703703
2 0.62 0.06074074074074074 0.6255555555555555 0.09333333333333334 0.6222222222222222 0.19703703703703704 0.63 0.21037037037037037 0.6377777777777778 0.17629629629629628 0.6411111111111111 0.10814814814814815 0.6377777777777778 0.06962962962962962 0.6322222222222222 0.06222222222222222
2 0.5822222222222222 0.05925925925925926 0.58 0.06962962962962962 0.5977777777777777 0.10962962962962963 0.5922222222222222 0.1837037037037037 0.5988888888888889 0.2 0.6088888888888889 0.16148148148148148 0.6111111111111112 0.09777777777777778 0.6 0.06222222222222222
2 0.5388888888888889 0.04888888888888889 0.5366666666666666 0.06222222222222222 0.5655555555555556 0.17777777777777778 0.5755555555555556 0.19555555555555557 0.58 0.15703703703703703 0.5688888888888889 0.0874074074074074 0.5544444444444444 0.05185185185185185
2 0.5 0.06814814814814815 0.5022222222222222 0.0962962962962963 0.5188888888888888 0.1362962962962963 0.5477777777777778 0.1925925925925926 0.5566666666666666 0.19703703703703704 0.5244444444444445 0.08296296296296296 0.51 0.06222222222222222 0.5022222222222222 0.06222222222222222
2 0.4588888888888889 0.10666666666666667 0.4588888888888889 0.11703703703703704 0.4911111111111111 0.16592592592592592 0.5233333333333333 0.20444444444444446 0.5333333333333333 0.2088888888888889 0.53 0.18814814814814815 0.5088888888888888 0.14814814814814814 0.4777777777777778 0.1111111111111111 0.4666666666666667 0.1037037037037037
2 0.4411111111111111 0.14962962962962964 0.44 0.16148148148148148 0.4444444444444444 0.1674074074074074 0.5055555555555555 0.21925925925925926 0.47888888888888886 0.17333333333333334 0.45 0.14814814814814814
2 0.6244444444444445 0.5081481481481481 0.6233333333333333 0.5333333333333333 0.6288888888888889 0.5481481481481482 0.6533333333333333 0.5466666666666666 0.7011111111111111 0.5333333333333333 0.7188888888888889 0.5111111111111111 0.7222222222222222 0.49925925925925924 0.6766666666666666 0.5051851851851852 0.63 0.49925925925925924
2 0.41333333333333333 0.5125925925925926 0.40444444444444444 0.5244444444444445 0.4066666666666667 0.5318518518518518 0.49 0.5303703703703704 0.4955555555555556 0.5185185185185185 0.49777777777777776 0.4918518518518519 0.44666666666666666 0.49333333333333335
2 0.46555555555555556 0.45037037037037037 0.46555555555555556 0.4740740740740741 0.47 0.4785185185185185 0.47888888888888886 0.4577777777777778 0.49666666666666665 0.43851851851851853 0.5366666666666666 0.4222222222222222 0.5144444444444445 0.4162962962962963 0.5111111111111111 0.4014814814814815 0.5055555555555555 0.4014814814814815 0.4777777777777778 0.42074074074074075
2 0.6144444444444445 0.4266666666666667 0.6 0.4474074074074074 0.6077777777777778 0.4577777777777778 0.6377777777777778 0.4711111111111111 0.6666666666666666 0.46814814814814815 0.6833333333333333 0.45037037037037037 0.6444444444444445 0.4444444444444444
2 0.5555555555555556 0.2740740740740741 0.57 0.31407407407407406 0.5722222222222222 0.3451851851851852 0.5866666666666667 0.3466666666666667 0.5933333333333334 0.3274074074074074 0.5888888888888889 0.29777777777777775 0.5711111111111111 0.277037037037037
2 0.5222222222222223 0.24444444444444444 0.5211111111111111 0.25925925925925924 0.5433333333333333 0.24592592592592594 0.5655555555555556 0.24592592592592594 0.5877777777777777 0.2637037037037037 0.6111111111111112 0.2548148148148148 0.6066666666666667 0.23851851851851852 0.5711111111111111 0.21925925925925926 0.5433333333333333 0.2237037037037037
2 0.6222222222222222 0.38666666666666666 0.6177777777777778 0.40296296296296297 0.6233333333333333 0.41333333333333333 0.6455555555555555 0.42962962962962964 0.6733333333333333 0.43703703703703706 0.7033333333333334 0.4237037037037037 0.7166666666666667 0.3985185185185185 0.7155555555555555 0.39111111111111113 0.6988888888888889 0.4059259259259259 0.67 0.4088888888888889 0.6522222222222223 0.4014814814814815 0.6422222222222222 0.37777777777777777 0.6288888888888889 0.3896296296296296