3 0.9021428571428571 0.7376111817026684 0.1 0.36721728081321475
3 0.7542857142857143 0.7369758576874206 0.09857142857142857 0.3341804320203304
3 0.575 0.7172808132147395 0.12571428571428572 0.3443456162642948
3 0.41785714285714287 0.735705209656925 0.09285714285714286 0.3176620076238882
3 0.25642857142857145 0.7268106734434562 0.10857142857142857 0.34815756035578144
3 0.08642857142857142 0.7433290978398983 0.07285714285714286 0.3240152477763659
3 0.07357142857142857 0.2846251588310038 0.07857142857142857 0.34307496823379924
3 0.23285714285714285 0.2852604828462516 0.08428571428571428 0.33799237611181704
3 0.395 0.289707750952986 0.09285714285714286 0.3227445997458704
3 0.5742857142857143 0.295425667090216 0.09428571428571429 0.31512071156289706
3 0.7314285714285714 0.2960609911054638 0.055714285714285716 0.33163913595933925
3 0.9078571428571428 0.295425667090216 0.08714285714285715 0.3278271918678526