2 0.08 0.423 0.076 0.432 0.094 0.455 0.138 0.542 0.209 0.612 0.211 0.606 0.201 0.578 0.115 0.425 0.111 0.422
2 0.151 0.425 0.15 0.432 0.176 0.47 0.212 0.543 0.284 0.613 0.275 0.579 0.187 0.424
2 0.221 0.424 0.218 0.431 0.244 0.469 0.281 0.544 0.353 0.615 0.345 0.583 0.256 0.426 0.252 0.423
2 0.293 0.424 0.291 0.432 0.308 0.454 0.352 0.541 0.427 0.615 0.416 0.578 0.33 0.426 0.325 0.422
2 0.369 0.424 0.369 0.434 0.402 0.485 0.43 0.543 0.503 0.616 0.493 0.579 0.406 0.425 0.402 0.422
2 0.368 0.63 0.368 0.637 0.404 0.69 0.429 0.747 0.503 0.819 0.492 0.782 0.404 0.627
2 0.291 0.63 0.291 0.637 0.31 0.663 0.345 0.728 0.349 0.742 0.427 0.82 0.42 0.79 0.329 0.629
2 0.219 0.629 0.22 0.64 0.241 0.669 0.281 0.749 0.353 0.819 0.342 0.782 0.255 0.63 0.249 0.627
2 0.15 0.63 0.149 0.636 0.185 0.69 0.209 0.744 0.266 0.803 0.286 0.818 0.279 0.791 0.189 0.631 0.185 0.627
2 0.077 0.63 0.076 0.636 0.125 0.717 0.133 0.74 0.212 0.82 0.202 0.784 0.115 0.63 0.111 0.627
2 0.457 0.942 0.454 0.952 0.533 0.886 0.577 0.821 0.595 0.802 0.607 0.799 0.736 0.626 0.716 0.612 0.702 0.594 0.587 0.747 0.583 0.754 0.583 0.76975 0.576 0.783 0.568 0.785 0.547 0.813