3 0.12683284457478006 0.1989409984871407 0.24780058651026393 0.1800302571860817
3 0.37316715542521994 0.2118003025718608 0.218475073313783 0.19062027231467474
3 0.6180351906158358 0.20499243570347958 0.23900293255131966 0.18305597579425115
3 0.8680351906158358 0.2065052950075643 0.2316715542521994 0.2042360060514372
0 0.11217008797653959 0.41603630862329805 0.20967741935483872 0.16338880484114976
3 0.3651026392961877 0.41906202723146746 0.26392961876832843 0.16338880484114976
3 0.6231671554252199 0.42511346444780634 0.21407624633431085 0.16338880484114976
0 0.8731671554252199 0.43267776096822996 0.22727272727272727 0.17549167927382753
0 0.12609970674486803 0.649016641452345 0.23460410557184752 0.16036308623298035
3 0.37316715542521994 0.6497730711043873 0.22434017595307917 0.1437216338880484
3 0.6077712609970675 0.6459909228441755 0.18914956011730205 0.17246596066565809
3 0.8599706744868035 0.6361573373676248 0.23900293255131966 0.14674735249621784
3 0.13343108504398826 0.8751891074130106 0.22287390029325513 0.16187594553706505
3 0.3790322580645161 0.8691376701966718 0.2126099706744868 0.14977307110438728
3 0.6224340175953079 0.8767019667170953 0.2155425219941349 0.1588502269288956
3 0.876099706744868 0.8714069591527988 0.23607038123167157 0.14523449319213314