3 0.04500548847420417 0.173828125 0.04610318331503842 0.4521484375 0.052689352360043906 0.4541015625 0.07135016465422613 0.443359375 0.06805708013172337 0.24609375 0.07793633369923161 0.1416015625 0.07574094401756312 0.1328125 0.06037321624588365 0.138671875 0.054884742041712405 0.1455078125
3 0.19209659714599342 0.1748046875 0.18990120746432493 0.2080078125 0.1986827661909989 0.2802734375 0.2030735455543359 0.375 0.21185510428100987 0.388671875 0.20856201975850713 0.3955078125 0.21185510428100987 0.408203125 0.20856201975850713 0.439453125 0.21514818880351264 0.4501953125 0.22283205268935236 0.4501953125 0.2283205268935236 0.439453125 0.2305159165751921 0.4013671875 0.22941822173435786 0.233548828125 0.23161361141602635 0.205078125 0.24039517014270034 0.1708984375 0.23929747530186607 0.1591796875 0.2283205268935236 0.13671875 0.21624588364434688 0.1376953125 0.20856201975850713 0.142578125 0.1964873765093304 0.16015625
3 0.3721185510428101 0.177734375 0.37102085620197583 0.2158203125 0.38199780461031835 0.2490234375 0.40175631174533477 0.2880859375 0.4061470911086718 0.3125 0.3995609220636663 0.3544921875 0.40285400658616904 0.375 0.3885839736553238 0.427734375 0.37760702524698136 0.443359375 0.3885839736553238 0.451171875 0.4094401756311745 0.4541015625 0.43029637760702527 0.357421875 0.433589462129528 0.2734375 0.4226125137211855 0.1875 0.4127332601536773 0.16015625 0.39626783754116357 0.134765625 0.3918770581778266 0.134765625 0.38419319429198684 0.1455078125
3 0.5521405049396267 0.177734375 0.5521405049396267 0.2421875 0.566410537870472 0.3349609375 0.566410537870472 0.365234375 0.5686059275521405 0.3740234375 0.5762897914379802 0.37890625 0.5806805708013172 0.40625 0.5872667398463227 0.404296875 0.5883644346871569 0.3935546875 0.579582875960483 0.2859931640625 0.579582875960483 0.2364677734375 0.5916575192096597 0.1455078125 0.579582875960483 0.142578125 0.5675082327113062 0.1484375 0.5565312843029637 0.162109375
3 0.716794731064764 0.1904296875 0.7156970362239298 0.2490234375 0.7277716794731065 0.330078125 0.7321624588364435 0.3955078125 0.7310647639956093 0.4130859375 0.7189901207464325 0.439453125 0.7266739846322722 0.451171875 0.7420417124039517 0.45703125 0.7486278814489572 0.4208984375 0.7486278814489572 0.39453125 0.7343578485181119 0.3134765625 0.7321624588364435 0.24609375 0.7464324917672887 0.1552734375 0.743139407244786 0.1455078125 0.7332601536772777 0.138671875
3 0.8616904500548848 0.1826171875 0.8616904500548848 0.3681640625 0.8715697036223929 0.40625 0.8649835345773875 0.447265625 0.8737650933040615 0.4580078125 0.884742041712404 0.4599609375 0.8946212952799122 0.4541015625 0.897914379802415 0.4453125 0.8946212952799122 0.314453125 0.897914379802415 0.2431640625 0.9099890230515917 0.1943359375 0.9330406147091108 0.1396484375 0.9121844127332601 0.1376953125 0.884742041712404 0.1494140625 0.8682766190998902 0.166015625
3 0.04500548847420417 0.5869140625 0.04610318331503842 0.8212890625 0.05817782656421515 0.84375 0.054884742041712405 0.8857421875 0.06037321624588365 0.892578125 0.07025246981339188 0.89453125 0.07683863885839737 0.892578125 0.08232711306256861 0.880859375 0.07683863885839737 0.7543623046875 0.07793633369923161 0.669921875 0.08232711306256861 0.6357421875 0.09549945115257959 0.591796875 0.048298572996706916 0.576171875
3 0.2052689352360044 0.59765625 0.20417124039517015 0.634765625 0.21075740944017562 0.6767578125 0.24588364434687157 0.7958984375 0.24259055982436883 0.814453125 0.2502744237102086 0.845703125 0.24259055982436883 0.8828125 0.2513721185510428 0.89453125 0.26344676180021953 0.8955078125 0.2711306256860593 0.8916015625 0.27661909989023054 0.8779296875 0.278814489571899 0.580078125 0.2711306256860593 0.5771484375 0.21185510428100987 0.576171875
3 0.38529088913282106 0.6328125 0.38638858397365533 0.677734375 0.40285400658616904 0.77734375 0.41931942919868276 0.8037109375 0.407244785949506 0.8564453125 0.3907793633369923 0.8662109375 0.3896816684961581 0.8740234375 0.40175631174533477 0.890625 0.4149286498353458 0.89453125 0.4226125137211855 0.8876953125 0.43578485181119647 0.85546875 0.4445664105378705 0.80078125 0.429198682766191 0.6611328125 0.41602634467618005 0.6142578125 0.411635565312843 0.578125 0.39626783754116357 0.5947265625
3 0.5477497255762898 0.59765625 0.544456641053787 0.654296875 0.557628979143798 0.7373046875 0.5718990120746432 0.79296875 0.570801317233809 0.8759765625 0.5817782656421515 0.8955078125 0.5916575192096597 0.892578125 0.5916575192096597 0.8525390625 0.6026344676180022 0.791015625 0.610318331503842 0.7041015625 0.610318331503842 0.6455078125 0.6037321624588364 0.6162109375 0.6081229418221734 0.6083984375 0.6147091108671789 0.6083984375 0.6158068057080132 0.5966796875 0.6081229418221734 0.587890625 0.562019758507135 0.583984375 0.5521405049396267 0.5869140625
3 0.7354555433589463 0.64453125 0.7376509330406147 0.7412109375 0.7552140504939627 0.837890625 0.7530186608122942 0.865234375 0.7464324917672887 0.875 0.7354555433589463 0.8759765625 0.7354555433589463 0.8837890625 0.7442371020856202 0.8955078125 0.7585071350164654 0.900390625 0.7738748627881449 0.8603515625 0.7738748627881449 0.7548828125 0.7672886937431395 0.673828125 0.7508232711306256 0.5869140625 0.7409440175631175 0.6103515625
3 0.8616904500548848 0.599609375 0.8616904500548848 0.603515625 0.8726673984632273 0.6044921875 0.8825466520307355 0.6103515625 0.8880351262349067 0.6240234375 0.8869374313940724 0.669921875 0.8990120746432492 0.8271484375 0.8880351262349067 0.896484375 0.9121844127332601 0.90234375 0.9198682766190999 0.8994140625 0.9242590559824369 0.8671875 0.9242590559824369 0.7822265625 0.9297475301866082 0.7275390625 0.9253567508232712 0.634765625 0.9187705817782656 0.6142578125 0.9034028540065862 0.599609375 0.8880351262349067 0.5947265625