3 0.596875 0.5808333333333333 0.10125 0.45666666666666667
3 0.435625 0.5633333333333334 0.1325 0.49333333333333335
3 0.391875 0.5516666666666666 0.06125 0.49166666666666664
3 0.3075 0.55 0.05125 0.47833333333333333
3 0.734375 0.5383333333333333 0.11625 0.38666666666666666
3 0.653125 0.5425 0.06375 0.43333333333333335
3 0.543125 0.5975 0.06875 0.4766666666666667
3 0.253125 0.5541666666666667 0.0675 0.44
3 0.15375 0.6083333333333333 0.05125 0.5533333333333333
3 0.085 0.6141666666666666 0.15625 0.44333333333333336
3 0.83125 0.4266666666666667 0.17875 0.3016666666666667