4 0.19374999999999992 0.07035647279549719 0.1604166666666667 0.28298936835522204 0.08749999999999998 0.4221388367729831 0.054166666666666675 0.5753595997498437 0.09999999999999995 0.7817385866166353 0.3041666666666667 0.906816760475297 0.4135416666666666 0.8724202626641651 0.4156250000000001 0.8333333333333333 0.25312499999999993 0.7051282051282051 0.17499999999999993 0.4956222639149468 0.2208333333333333 0.27986241400875544 0.25208333333333327 0.07348342714196371 0.2364583333333333 0.05784865540963098
4 0.2906249999999999 0.11413383364602879 0.31770833333333326 0.3220762976860538 0.284375 0.4831144465290807 0.35937500000000006 0.6207004377736085 0.5541666666666667 0.6425891181988743 0.7958333333333334 0.5331457160725454 0.8145833333333334 0.5519074421513446 0.6427083333333334 0.7817385866166354 0.4385416666666667 0.8442776735459664 0.21979166666666677 0.6816760475297061 0.18020833333333341 0.4831144465290807 0.21979166666666677 0.30956848030018774 0.23541666666666677 0.25171982489055666 0.24166666666666678 0.10631644777986239
4 0.3239583333333333 0.13758599124452786 0.3208333333333333 0.21419637273295813 0.3354166666666667 0.33458411507191993 0.28541666666666676 0.4346466541588492 0.28125 0.5190744215134458 0.32083333333333336 0.5941213258286429 0.4291666666666666 0.6285178236397748 0.5572916666666666 0.6285178236397748 0.5843749999999999 0.5753595997498437 0.5354166666666665 0.5534709193245778 0.3479166666666665 0.4706066291432146 0.3520833333333332 0.3252032520325204 0.3635416666666665 0.26891807379612265 0.3604166666666665 0.16416510318949348 0.3572916666666665 0.13445903689806138
4 0.390625 0.14853033145716074 0.3489583333333334 0.28767979987492187 0.33333333333333326 0.4283927454659162 0.35937500000000006 0.5112570356472795 0.46875 0.5503439649781114 0.5489583333333333 0.5393996247654784 0.5645833333333333 0.5175109443402127 0.5468749999999999 0.49405878674171366 0.4916666666666666 0.484677923702314 0.409375 0.43933708567854907 0.390625 0.38305190744215134 0.3947916666666666 0.28298936835522204 0.4135416666666666 0.19230769230769232 0.4177083333333333 0.17354596622889307
4 0.4020833333333333 0.10318949343339587 0.4447916666666666 0.27204502814258913 0.4135416666666665 0.36116322701688564 0.4104166666666665 0.44402751719824884 0.4458333333333333 0.519074421513446 0.5281249999999998 0.565978736710444 0.6479166666666666 0.6081926203877422 0.7083333333333335 0.5863039399624764 0.7177083333333334 0.5597248280175109 0.6729166666666666 0.5425265791119449 0.5552083333333333 0.5175109443402126 0.4749999999999999 0.4205753595997498 0.47395833333333337 0.29549718574108813 0.46979166666666666 0.22045028142589113 0.43229166666666663 0.08911819887429638
4 0.45104166666666656 0.08911819887429646 0.4625 0.20794246404002498 0.48229166666666673 0.37054409005628525 0.4822916666666665 0.4377736085053159 0.5468749999999999 0.5034396497811131 0.6177083333333333 0.514383989993746 0.8041666666666667 0.5472170106316447 0.859375 0.47842401500938075 0.8593750000000001 0.4612257661038148 0.7604166666666665 0.4924953095684802 0.6385416666666666 0.4924953095684802 0.5437499999999998 0.4268292682926829 0.5093749999999999 0.31582238899312065 0.49791666666666656 0.20950594121325827 0.47499999999999987 0.09537210756722948 0.47395833333333326 0.09068167604752968 0.4458333333333334 0.068792995622264
4 0.8520833333333333 0.42839274546591616 0.7135416666666667 0.43933708567854907 0.5875 0.3392745465916197 0.5697916666666666 0.23452157598499063 0.5302083333333334 0.13602251407129456 0.5145833333333334 0.09693558474046277 0.4916666666666666 0.04534083802376478 0.5062499999999999 0.0469043151969981 0.5718749999999999 0.10318949343339592 0.6020833333333333 0.20481550969355852 0.6291666666666665 0.2736085053158224 0.6645833333333333 0.3470919324577862 0.7187499999999999 0.375234521575985 0.8385416666666665 0.4002501563477173
4 0.46875 0.07348342714196374 0.5260416666666667 0.24233896185115694 0.5302083333333334 0.3721075672295185 0.6239583333333334 0.46278924327704807 0.7489583333333334 0.50187617260788 0.81875 0.47998749218261416 0.7854166666666668 0.4502814258911819 0.7125 0.44559099437148214 0.60625 0.37679799874921827 0.5635416666666667 0.2611006879299563 0.54375 0.16572858036272672 0.503125 0.07035647279549724
4 0.6364583333333332 0.07191994996873045 0.6437499999999998 0.20325203252032517 0.7104166666666667 0.31113195747342093 0.8125 0.40025015634771727 0.9208333333333334 0.4518449030644152 0.9197916666666667 0.4924953095684802 0.809375 0.4862414008755471 0.6010416666666666 0.28298936835522204 0.5791666666666666 0.12038774233896189 0.6093749999999999 0.03752345215759842 0.6208333333333332 0.009380863039399626 0.6333333333333333 0.020325203252032457
4 0.6708333333333333 0.10631644777986242 0.7708333333333335 0.2751719824890557 0.8229166666666665 0.32989368355222015 0.8802083333333335 0.4799874921826141 0.9718750000000002 0.5456535334584116 1 0.5347091932457786 1 0.4878048780487805 0.9625 0.4440275171982489 0.8843749999999999 0.3846153846153847 0.8385416666666665 0.2954971857410882 0.7770833333333332 0.18449030644152598 0.7166666666666666 0.11100687929956227 0.6854166666666666 0.06410256410256408
4 0.9541666666666666 0.4049405878674171 0.8791666666666668 0.4111944965603502 0.7906249999999999 0.40963101938711693 0.6927083333333335 0.31894934333958735 0.6499999999999999 0.17667292057535963 0.6499999999999999 0.10318949343339592 0.6458333333333335 0.06879299562226394 0.678125 0.10944340212632894 0.7041666666666667 0.21732332707942464 0.7572916666666667 0.3017510944340212 0.84375 0.34709193245778613 0.9302083333333334 0.3767979987492182