3 0.9840625 0.9308333333333333 0.031875 0.13833333333333334
3 0.950625 0.9316666666666666 0.036875 0.13666666666666666
3 0.9109375 0.9316666666666666 0.04125 0.13
3 0.8696875 0.9266666666666666 0.03875 0.14166666666666666
3 0.834375 0.9329166666666666 0.0475 0.13
3 0.79625 0.9366666666666666 0.041875 0.12666666666666668
3 0.7459375 0.9504166666666667 0.04375 0.09916666666666667
3 0.7640625 0.7854166666666667 0.056875 0.11583333333333333
3 0.7315625 0.805 0.03875 0.15416666666666667
3 0.698125 0.81 0.03625 0.15083333333333335
3 0.6760529125875521 0.8607229480924654 0.7046366224309212 0.7425341253693208 0.6975709862898637 0.727546412342835 0.6783010695415248 0.7716531106779215 0.6468268721859048 0.8401683702275706 0.6561406652809353 0.864576931442133
3 0.67669524314583 0.7403930235083943 0.6098928650849222 0.8371708276222736 0.6307686082289559 0.8752824407467658 0.6439363846736541 0.871428457397098 0.6378342443700135 0.8465916758103501 0.6847243751243045 0.7570936180236212 0.6837608792868877 0.7442470068580621 0.6789434000998028 0.7408212438805796
3 0.6513231860938506 0.741249464252765 0.6134256831554511 0.7570936180236212 0.5684625440759938 0.7857843829600367 0.5135432813432284 0.849160998043462 0.5540101065147397 0.8632922703255772 0.5601122468183803 0.8358861665057176 0.6217759804130645 0.7802175181216278 0.6535713430478235 0.7481009902077298
3 0.6535713430478235 0.7459598883468033 0.5800244941249971 0.8187573516183052 0.5726376927048006 0.8555843036262416 0.5999367414316139 0.8641487110699478 0.6076447081309494 0.8380272683666442 0.6638486319802709 0.7570936180236213
3 0.43421545739590045 0.6667391194925216 0.5845208080329428 0.686865476985231 0.596725088640224 0.6924323418236401 0.5903017830574445 0.7001403085229756 0.5440539828614314 0.7005685288951607 0.45926634916874076 0.6907194603348987 0.42971914348795465 0.6877219177296017 0.42361700318431406 0.6757317473084131 0.42682865597570385 0.665882678748151 0.43036147404623265 0.6628851361428539
3 0.45958751444787976 0.6551771694435184 0.581309155241553 0.6641697972594098 0.5931922705696953 0.6684520009812629 0.5915864441740004 0.6778728491693395 0.5263898925087875 0.6710213232143747 0.4599086797270187 0.6663108991203363 0.45766052277304586 0.6573182713044449
3 0.3790161639935651 0.7609898756620588 0.393096662706812 0.7478737946688971 0.41315655128458845 0.7450448360233133 0.6097048826379945 0.7213844546238846 0.615877156046541 0.7288426183258785 0.4849092296589428 0.7471022604928288 0.4135423183726226 0.7584180950751642 0.3998475867474099 0.7699911077161892 0.39483261460296576 0.7828500106506613 0.3751584931132234 0.7723057102443941 0.37477272602518924 0.7694767515988102 0.3794019310815992 0.7615042317794376
3 0.37130082223288186 0.7252421255042263 0.6029539585973966 0.7098114419828598 0.5942741991166279 0.7200985643304374 0.476036586634157 0.7342433575583567 0.39541126523501696 0.743758945729866 0.3844169032260433 0.7535317119600649 0.37689444500937713 0.7568750267230276 0.36570719945638636 0.7432445896124872 0.3668645007204889 0.7347577136757356
3 0.37072217160083054 0.7116116883936858 0.6035326092294478 0.7044107027503814 0.603918376317482 0.7136691128632013 0.4615703208328759 0.7188126740369902 0.3684075690726256 0.7242134132694684 0.3686004526166427 0.7157265373327169
3 0.39695433358715365 0.6972097171070771 0.5975532193649183 0.7033819905156237 0.6048827940375675 0.7069824833372759 0.5686206877623562 0.7080111955720337 0.452311910720056 0.7090399078067914 0.39502549814698285 0.7103257981002387
3 0.3992689361153586 0.6851223483486734 0.5989034041730379 0.6979812512831454 0.5981318699969695 0.7059537711025181 0.4874167157311648 0.7026104563395553 0.40466967534783693 0.6961810048723194 0.39521838169099993 0.6912946217572199 0.397918751307239 0.6851223483486732
3 0.48760959927518194 0.7252421255042263 0.4910815030674894 0.7167552495674747 0.5545401890491093 0.7188126740369901 0.6141412041503874 0.717526783743543 0.6168415737666265 0.7270423719150524 0.6048827940375674 0.7342433575583568 0.5406525738798793 0.7324431111475307 0.5213642194781711 0.7324431111475307 0.5175065485978295 0.7301285086193257 0.494939173947831 0.7365579600865617 0.4856807638350111 0.7272995499737418
0 0.4455609866794582 0.8193692949845621 0.4999541460922751 0.7836215448267295 0.5788435155952615 0.7489025069036549 0.6120194851661995 0.7337290014409779 0.5186638498619319 0.7604755195446798 0.43244490568629657 0.7831071887093507 0.4231864955734767 0.7900509962939657 0.4173999892529643 0.8005952967002328 0.4226078449414254 0.8134541996347049 0.4303231867021087 0.8188549388671832
3 0.4206790095012547 0.7910797085287233 0.4299374196140746 0.7743631347139097 0.5408454574238963 0.7540460680774438 0.5408454574238963 0.7427302334951084 0.5030402827965483 0.7440161237885555 0.42434379683757917 0.7568750267230276 0.4083344626841614 0.7625329440141954 0.4000404702914269 0.7681908613053631 0.3967614500431365 0.7874792157070712 0.4202932424132204 0.7980235161133383
3 0.4671639436093713 0.8329997320951025 0.572864125730732 0.7697339296574998 0.5666918523221853 0.7550747803122015 0.5101769739251805 0.7715341760683259 0.46832124487347376 0.7941658452329967 0.44768270566364604 0.8093393506956739 0.4471040550315948 0.8224554316888353 0.4565553486884318 0.8314566637429658