2 0.1015625 0.125 0.103125 0.165625 0.090625 0.203125 0.1171875 0.2515625 0.1296875 0.2921875 0.1453125 0.4265625 0.1453125 0.4578125 0.1375 0.478125 0.1390625 0.809375 0.146875 0.84375 0.1609375 0.86875 0.1671875 0.8703125 0.1828125 0.6234375 0.1734375 0.35625 0.14375 0.1703125 0.140625 0.115625 0.1265625 0.1078125
2 0.1671875 0.1171875 0.1671875 0.158203125 0.1578125 0.1921875 0.19375 0.275 0.2109375 0.3984375 0.2109375 0.4328125 0.203125 0.446875 0.19375 0.7828125 0.2 0.8328125 0.2171875 0.8609375 0.225 0.846875 0.24375 0.6296875 0.24375 0.4203125 0.234375 0.3109375 0.2109375 0.1828125 0.203125 0.103125 0.1890625 0.096875
2 0.240625 0.140625 0.240625 0.1625 0.2265625 0.196875 0.259375 0.2828125 0.259375 0.61875 0.2515625 0.76875 0.2578125 0.815625 0.275 0.8484375 0.3046875 0.590625 0.30625 0.425 0.296875 0.3015625 0.2703125 0.121875 0.2578125 0.11875
2 0.3125 0.11875 0.309375 0.14375 0.290625 0.1703125 0.290625 0.1796875 0.3265625 0.271875 0.340625 0.378125 0.3390625 0.4421875 0.325 0.4765625 0.3265625 0.5609375 0.3140625 0.7328125 0.3171875 0.8296875 0.3296875 0.8640625 0.3375 0.86875 0.36875 0.5921875 0.3703125 0.3578125 0.3484375 0.1890625 0.3453125 0.10625 0.33125 0.0984375
2 0.3765625 0.1171875 0.371875 0.1421875 0.35625 0.165625 0.3984375 0.284375 0.396875 0.3234375 0.40625 0.378125 0.40625 0.4046875 0.39375 0.440625 0.3796875 0.703125 0.38125 0.7875 0.3921875 0.8328125 0.403125 0.8453125 0.434375 0.5671875 0.4359375 0.3796875 0.428125 0.2625 0.403125 0.1046875 0.3953125 0.1
2 0.4453125 0.0875 0.4453125 0.1109375 0.43125 0.134375 0.43125 0.146875 0.45625 0.2109375 0.4640625 0.2515625 0.46875 0.3828125 0.45625 0.4359375 0.45625 0.4953125 0.4375 0.6828125 0.4375 0.7640625 0.4421875 0.7984375 0.453125 0.821875 0.4609375 0.825 0.49375 0.559375 0.4984375 0.309375 0.48125 0.14375 0.4796875 0.0625 0.4703125 0.0609375 0.45 0.075
2 0.5234375 0.18125 0.55 0.2828125 0.5515625 0.390625 0.54375 0.4265625 0.525 0.434375 0.5171875 0.43125 0.515625 0.4359375 0.5125 0.5421875 0.5265625 0.6109375 0.54375 0.6328125 0.5796875 0.4375 0.58125 0.28125 0.5671875 0.1390625 0.5546875 0.1390625
2 0.609375 0.1859375 0.628125 0.2421875 0.6328125 0.3265625 0.6234375 0.425 0.615625 0.4390625 0.6046875 0.4421875 0.5984375 0.4375 0.59375 0.44375 0.590625 0.54375 0.60625 0.6140625 0.621875 0.6328125 0.6515625 0.4984375 0.6578125 0.434375 0.6609375 0.2515625 0.6515625 0.1265625 0.640625 0.13125 0.625 0.1703125
2 0.675 0.1828125 0.7 0.284375 0.70625 0.396875 0.6953125 0.44375 0.6828125 0.4546875 0.6671875 0.453125 0.6640625 0.4578125 0.6640625 0.5515625 0.6796875 0.6265625 0.6984375 0.6515625 0.728125 0.515625 0.7359375 0.4421875 0.7390625 0.30625 0.73125 0.1484375 0.7265625 0.14375 0.7125 0.146875
2 0.7453125 0.4640625 0.7390625 0.5234375 0.74375 0.5953125 0.7515625 0.6234375 0.76875 0.646875 0.80625 0.5359375 0.8234375 0.446875 0.8296875 0.2796875 0.8234375 0.16875 0.8171875 0.1609375 0.8046875 0.165625 0.7890625 0.20625 0.7734375 0.2203125 0.7953125 0.3171875 0.7921875 0.4109375 0.7828125 0.4390625 0.7515625 0.4390625
2 0.81875 0.478125 0.8171875 0.615625 0.8265625 0.659375 0.8390625 0.684375 0.8453125 0.6859375 0.8578125 0.6328125 0.8890625 0.546875 0.9078125 0.4421875 0.9234375 0.2015625 0.9171875 0.184375 0.9 0.1859375 0.865625 0.215625 0.8796875 0.275 0.884375 0.328125 0.86875 0.4546875 0.8453125 0.471875 0.828125 0.4640625